'-----------GENERATION: 0--------------'
array([[-8.70833519e-16,  1.41989014e-05, -1.00447042e-06,
        -5.38521640e-09,  3.79881261e-10],
       [-8.70833519e-16,  1.41989014e-05, -1.00447042e-06,
        -5.38521640e-09,  3.79881261e-10],
       [-8.70833519e-16,  1.41989014e-05, -1.00447042e-06,
        -5.38521640e-09,  3.79881261e-10],
       [-8.70833519e-16,  1.41989014e-05, -1.00447042e-06,
        -5.38521640e-09,  3.79881261e-10],
       [-8.70833519e-16,  1.41989014e-05, -1.00447042e-06,
        -5.38521640e-09,  3.79881261e-10],
       [-8.70833519e-16,  1.41989014e-05, -1.00447042e-06,
        -5.38521640e-09,  3.79881261e-10],
       [-8.70833519e-16,  1.41989014e-05, -1.00447042e-06,
        -5.38521640e-09,  3.79881261e-10],
       [-8.70833519e-16,  1.41989014e-05, -1.00447042e-06,
        -5.38521640e-09,  3.79881261e-10],
       [-8.70833519e-16,  1.41989014e-05, -1.00447042e-06,
        -5.38521640e-09,  3.79881261e-10]])
'---Train Fitness: 0---'
array([2.15133189e+11, 2.15133189e+11, 2.15133189e+11, 2.15133189e+11,
       2.15133189e+11, 2.15133189e+11, 2.15133189e+11, 2.15133189e+11,
       2.15133189e+11])
'---Test Fitness: 0---'
array([2.3958421e+11, 2.3958421e+11, 2.3958421e+11, 2.3958421e+11,
       2.3958421e+11, 2.3958421e+11, 2.3958421e+11, 2.3958421e+11,
       2.3958421e+11])
'---After crossover population: 0---'
array([[-8.70833519e-16,  1.41989014e-05, -1.00447042e-06,
        -5.38521640e-09,  3.79881261e-10],
       [-8.70833519e-16,  1.41989014e-05, -1.00447042e-06,
        -5.38521640e-09,  3.79881261e-10],
       [-8.70833519e-16,  1.41989014e-05, -1.00447042e-06,
        -5.38521640e-09,  3.79881261e-10],
       [-8.70833519e-16,  1.41989014e-05, -1.00447042e-06,
        -5.38521640e-09,  3.79881261e-10],
       [-8.70833519e-16,  1.41989014e-05, -1.00447042e-06,
        -5.38521640e-09,  3.79881261e-10],
       [-8.70833519e-16,  1.41989014e-05, -1.00447042e-06,
        -5.38521640e-09,  3.79881261e-10],
       [-8.70833519e-16,  1.41989014e-05, -1.00447042e-06,
        -5.38521640e-09,  3.79881261e-10],
       [-8.70833519e-16,  1.41989014e-05, -1.00447042e-06,
        -5.38521640e-09,  3.79881261e-10],
       [-8.70833519e-16,  1.41989014e-05, -1.00447042e-06,
        -5.38521640e-09,  3.79881261e-10]])
'---After mutation population: 0---'
array([[-8.70833519e-16,  1.41989014e-05, -1.00447042e-06,
        -5.38521640e-09,  3.79881261e-10],
       [-8.68883135e-16,  1.41989014e-05, -1.00447042e-06,
        -5.40015521e-09,  3.79083947e-10],
       [-8.70340084e-16,  1.41989014e-05, -1.00447042e-06,
        -5.38521640e-09,  3.79881261e-10],
       [-8.70833519e-16,  1.41989014e-05, -1.00447042e-06,
        -5.37446909e-09,  3.79881261e-10],
       [-8.71279217e-16,  1.42144318e-05, -1.00209220e-06,
        -5.38521640e-09,  3.79778641e-10],
       [-8.69451076e-16,  1.41989014e-05, -1.00375581e-06,
        -5.38521640e-09,  3.79881261e-10],
       [-8.70833519e-16,  1.41989014e-05, -1.00447042e-06,
        -5.38932838e-09,  3.80392185e-10],
       [-8.70833519e-16,  1.41989014e-05, -1.00447042e-06,
        -5.38950947e-09,  3.79980101e-10],
       [-8.70833519e-16,  1.41989014e-05, -1.00447042e-06,
        -5.38521640e-09,  3.79881261e-10]])
'---After Selection population: 0---'
array([[-8.70833519e-16,  1.41989014e-05, -1.00447042e-06,
        -5.38521640e-09,  3.79881261e-10],
       [-8.68883135e-16,  1.41989014e-05, -1.00447042e-06,
        -5.40015521e-09,  3.79083947e-10],
       [-8.70340084e-16,  1.41989014e-05, -1.00447042e-06,
        -5.38521640e-09,  3.79881261e-10],
       [-8.70833519e-16,  1.41989014e-05, -1.00447042e-06,
        -5.37446909e-09,  3.79881261e-10],
       [-8.71279217e-16,  1.42144318e-05, -1.00209220e-06,
        -5.38521640e-09,  3.79778641e-10],
       [-8.69451076e-16,  1.41989014e-05, -1.00375581e-06,
        -5.38521640e-09,  3.79881261e-10],
       [-8.70833519e-16,  1.41989014e-05, -1.00447042e-06,
        -5.38932838e-09,  3.80392185e-10],
       [-8.70833519e-16,  1.41989014e-05, -1.00447042e-06,
        -5.38950947e-09,  3.79980101e-10],
       [-8.70833519e-16,  1.41989014e-05, -1.00447042e-06,
        -5.38521640e-09,  3.79881261e-10]])
'-----------GENERATION: 1--------------'
array([[-8.68883135e-16,  1.41989014e-05, -1.00447042e-06,
        -5.40015521e-09,  3.79083947e-10],
       [-8.70340084e-16,  1.41989014e-05, -1.00447042e-06,
        -5.38521640e-09,  3.79881261e-10],
       [-8.70833519e-16,  1.41989014e-05, -1.00447042e-06,
        -5.38950947e-09,  3.79980101e-10],
       [-8.70833519e-16,  1.41989014e-05, -1.00447042e-06,
        -5.38521640e-09,  3.79881261e-10],
       [-8.70833519e-16,  1.41989014e-05, -1.00447042e-06,
        -5.38521640e-09,  3.79881261e-10],
       [-8.70833519e-16,  1.41989014e-05, -1.00447042e-06,
        -5.37446909e-09,  3.79881261e-10],
       [-8.69451076e-16,  1.41989014e-05, -1.00375581e-06,
        -5.38521640e-09,  3.79881261e-10],
       [-8.70833519e-16,  1.41989014e-05, -1.00447042e-06,
        -5.38932838e-09,  3.80392185e-10],
       [-8.71279217e-16,  1.42144318e-05, -1.00209220e-06,
        -5.38521640e-09,  3.79778641e-10]])
'---Train Fitness: 1---'
array([2.24809090e+11, 2.14936359e+11, 2.15022056e+11, 2.15133189e+11,
       2.15133189e+11, 2.13192260e+11, 2.12246664e+11, 2.11338210e+11,
       2.07710815e+11])
'---Test Fitness: 1---'
array([2.31450201e+11, 2.39541856e+11, 2.39583593e+11, 2.39584210e+11,
       2.39584210e+11, 2.41568864e+11, 2.42542762e+11, 2.43003002e+11,
       2.51200552e+11])
'---After crossover population: 1---'
array([[-8.68883135e-16,  1.41989014e-05, -1.00447042e-06,
        -5.40015521e-09,  3.79083947e-10],
       [-8.70401764e-16,  1.41989014e-05, -1.00447042e-06,
        -5.38575303e-09,  3.79893616e-10],
       [-8.70771839e-16,  1.41989014e-05, -1.00447042e-06,
        -5.38897284e-09,  3.79967746e-10],
       [-8.68954127e-16,  1.41989014e-05, -1.00438109e-06,
        -5.39828786e-09,  3.79183611e-10],
       [-8.69380083e-16,  1.41989014e-05, -1.00384513e-06,
        -5.38708375e-09,  3.79781597e-10],
       [-8.70228958e-16,  1.41989014e-05, -1.00438109e-06,
        -5.38521640e-09,  3.79881261e-10],
       [-8.69562202e-16,  1.41989014e-05, -1.00384513e-06,
        -5.38521640e-09,  3.79881261e-10],
       [-8.70401764e-16,  1.41989014e-05, -1.00447042e-06,
        -5.38573040e-09,  3.79945127e-10],
       [-8.70771839e-16,  1.41989014e-05, -1.00447042e-06,
        -5.38881439e-09,  3.80328320e-10]])
'---After mutation population: 1---'
array([[-8.68883135e-16,  1.41989014e-05, -1.00447042e-06,
        -5.40015521e-09,  3.79083947e-10],
       [-8.70401764e-16,  1.41989014e-05, -1.00447042e-06,
        -5.38575303e-09,  3.80397221e-10],
       [-8.70771839e-16,  1.41480845e-05, -1.00447042e-06,
        -5.38897284e-09,  3.81312394e-10],
       [-8.68528078e-16,  1.41989014e-05, -1.00260445e-06,
        -5.39792350e-09,  3.78987108e-10],
       [-8.69380083e-16,  1.42236016e-05, -1.00384513e-06,
        -5.38708375e-09,  3.79781597e-10],
       [-8.73467378e-16,  1.41989014e-05, -1.00296919e-06,
        -5.38521640e-09,  3.79881261e-10],
       [-8.69562202e-16,  1.41989014e-05, -1.00285272e-06,
        -5.37150739e-09,  3.79881261e-10],
       [-8.68697903e-16,  1.41989014e-05, -1.00513262e-06,
        -5.37854737e-09,  3.79734472e-10],
       [-8.70771839e-16,  1.41989014e-05, -1.00428385e-06,
        -5.36753429e-09,  3.79784118e-10]])
'---After Selection population: 1---'
array([[-8.68883135e-16,  1.41989014e-05, -1.00447042e-06,
        -5.40015521e-09,  3.79083947e-10],
       [-8.70401764e-16,  1.41989014e-05, -1.00447042e-06,
        -5.38575303e-09,  3.80397221e-10],
       [-8.70771839e-16,  1.41480845e-05, -1.00447042e-06,
        -5.38897284e-09,  3.81312394e-10],
       [-8.68528078e-16,  1.41989014e-05, -1.00260445e-06,
        -5.39792350e-09,  3.78987108e-10],
       [-8.69380083e-16,  1.42236016e-05, -1.00384513e-06,
        -5.38708375e-09,  3.79781597e-10],
       [-8.73467378e-16,  1.41989014e-05, -1.00296919e-06,
        -5.38521640e-09,  3.79881261e-10],
       [-8.69562202e-16,  1.41989014e-05, -1.00285272e-06,
        -5.37150739e-09,  3.79881261e-10],
       [-8.68697903e-16,  1.41989014e-05, -1.00513262e-06,
        -5.37854737e-09,  3.79734472e-10],
       [-8.70771839e-16,  1.41989014e-05, -1.00428385e-06,
        -5.36753429e-09,  3.79784118e-10]])
'-----------GENERATION: 2--------------'
array([[-8.68883135e-16,  1.41989014e-05, -1.00447042e-06,
        -5.40015521e-09,  3.79083947e-10],
       [-8.68697903e-16,  1.41989014e-05, -1.00513262e-06,
        -5.37854737e-09,  3.79734472e-10],
       [-8.68528078e-16,  1.41989014e-05, -1.00260445e-06,
        -5.39792350e-09,  3.78987108e-10],
       [-8.70771839e-16,  1.41989014e-05, -1.00428385e-06,
        -5.36753429e-09,  3.79784118e-10],
       [-8.69380083e-16,  1.42236016e-05, -1.00384513e-06,
        -5.38708375e-09,  3.79781597e-10],
       [-8.70401764e-16,  1.41989014e-05, -1.00447042e-06,
        -5.38575303e-09,  3.80397221e-10],
       [-8.70771839e-16,  1.41480845e-05, -1.00447042e-06,
        -5.38897284e-09,  3.81312394e-10],
       [-8.73467378e-16,  1.41989014e-05, -1.00296919e-06,
        -5.38521640e-09,  3.79881261e-10],
       [-8.69562202e-16,  1.41989014e-05, -1.00285272e-06,
        -5.37150739e-09,  3.79881261e-10]])
'---Train Fitness: 2---'
array([2.24809090e+11, 2.16632176e+11, 2.18446666e+11, 2.12190437e+11,
       2.12073141e+11, 2.10505015e+11, 2.06722383e+11, 2.11319629e+11,
       2.07170228e+11])
'---Test Fitness: 2---'
array([2.31450201e+11, 2.36747748e+11, 2.37948706e+11, 2.42896761e+11,
       2.43460947e+11, 2.43721708e+11, 2.45908320e+11, 2.46385046e+11,
       2.49570957e+11])
'---After crossover population: 2---'
array([[-8.68883135e-16,  1.41989014e-05, -1.00447042e-06,
        -5.40015521e-09,  3.79083947e-10],
       [-8.69713406e-16,  1.41925493e-05, -1.00305493e-06,
        -5.37369057e-09,  3.80060153e-10],
       [-8.70620635e-16,  1.41544366e-05, -1.00426821e-06,
        -5.38678966e-09,  3.81133502e-10],
       [-8.68957145e-16,  1.41989014e-05, -1.00502653e-06,
        -5.37717074e-09,  3.79740678e-10],
       [-8.70512597e-16,  1.41989014e-05, -1.00438995e-06,
        -5.36891093e-09,  3.79777912e-10],
       [-8.69294811e-16,  1.42205141e-05, -1.00400607e-06,
        -5.38601670e-09,  3.79775706e-10],
       [-8.68783176e-16,  1.42019889e-05, -1.00497169e-06,
        -5.37961442e-09,  3.79740363e-10],
       [-8.68808548e-16,  1.41989014e-05, -1.00281438e-06,
        -5.39412485e-09,  3.79086734e-10],
       [-8.70491369e-16,  1.41989014e-05, -1.00407393e-06,
        -5.37133294e-09,  3.79684492e-10]])
'---After mutation population: 2---'
array([[-8.68883135e-16,  1.41989014e-05, -1.00447042e-06,
        -5.40015521e-09,  3.79083947e-10],
       [-8.73307511e-16,  1.41925493e-05, -1.00305493e-06,
        -5.37664175e-09,  3.79801116e-10],
       [-8.70620635e-16,  1.41544366e-05, -1.00801758e-06,
        -5.37699941e-09,  3.81133502e-10],
       [-8.68244470e-16,  1.42611093e-05, -1.00502653e-06,
        -5.35331224e-09,  3.79560389e-10],
       [-8.70512597e-16,  1.41989014e-05, -1.00412970e-06,
        -5.36891093e-09,  3.79777912e-10],
       [-8.69294811e-16,  1.42205141e-05, -1.00677461e-06,
        -5.38601670e-09,  3.80593329e-10],
       [-8.68783176e-16,  1.42019889e-05, -1.00497169e-06,
        -5.37961442e-09,  3.80606702e-10],
       [-8.67519145e-16,  1.41991915e-05, -1.00281438e-06,
        -5.39412485e-09,  3.79692851e-10],
       [-8.70491369e-16,  1.41989014e-05, -1.00571698e-06,
        -5.36990933e-09,  3.81170525e-10]])
'---After Selection population: 2---'
array([[-8.68883135e-16,  1.41989014e-05, -1.00447042e-06,
        -5.40015521e-09,  3.79083947e-10],
       [-8.73307511e-16,  1.41925493e-05, -1.00305493e-06,
        -5.37664175e-09,  3.79801116e-10],
       [-8.70620635e-16,  1.41544366e-05, -1.00801758e-06,
        -5.37699941e-09,  3.81133502e-10],
       [-8.68244470e-16,  1.42611093e-05, -1.00502653e-06,
        -5.35331224e-09,  3.79560389e-10],
       [-8.70512597e-16,  1.41989014e-05, -1.00412970e-06,
        -5.36891093e-09,  3.79777912e-10],
       [-8.69294811e-16,  1.42205141e-05, -1.00677461e-06,
        -5.38601670e-09,  3.80593329e-10],
       [-8.68783176e-16,  1.42019889e-05, -1.00497169e-06,
        -5.37961442e-09,  3.80606702e-10],
       [-8.67519145e-16,  1.41991915e-05, -1.00281438e-06,
        -5.39412485e-09,  3.79692851e-10],
       [-8.70491369e-16,  1.41989014e-05, -1.00571698e-06,
        -5.36990933e-09,  3.81170525e-10]])
'-----------GENERATION: 3--------------'
array([[-8.68883135e-16,  1.41989014e-05, -1.00447042e-06,
        -5.40015521e-09,  3.79083947e-10],
       [-8.70620635e-16,  1.41544366e-05, -1.00801758e-06,
        -5.37699941e-09,  3.81133502e-10],
       [-8.69294811e-16,  1.42205141e-05, -1.00677461e-06,
        -5.38601670e-09,  3.80593329e-10],
       [-8.70512597e-16,  1.41989014e-05, -1.00412970e-06,
        -5.36891093e-09,  3.79777912e-10],
       [-8.67519145e-16,  1.41991915e-05, -1.00281438e-06,
        -5.39412485e-09,  3.79692851e-10],
       [-8.68783176e-16,  1.42019889e-05, -1.00497169e-06,
        -5.37961442e-09,  3.80606702e-10],
       [-8.73307511e-16,  1.41925493e-05, -1.00305493e-06,
        -5.37664175e-09,  3.79801116e-10],
       [-8.68244470e-16,  1.42611093e-05, -1.00502653e-06,
        -5.35331224e-09,  3.79560389e-10],
       [-8.70491369e-16,  1.41989014e-05, -1.00571698e-06,
        -5.36990933e-09,  3.81170525e-10]])
'---Train Fitness: 3---'
array([2.24809090e+11, 2.17217684e+11, 2.14431535e+11, 2.11891768e+11,
       2.11676181e+11, 2.08407813e+11, 2.11142166e+11, 2.09005273e+11,
       2.05215022e+11])
'---Test Fitness: 3---'
array([2.31450201e+11, 2.32006965e+11, 2.37373180e+11, 2.43243434e+11,
       2.43291290e+11, 2.44726588e+11, 2.46327166e+11, 2.46733283e+11,
       2.48224102e+11])
'---After crossover population: 3---'
array([[-8.68883135e-16,  1.41989014e-05, -1.00447042e-06,
        -5.40015521e-09,  3.79083947e-10],
       [-8.70277845e-16,  1.41992873e-05, -1.00562382e-06,
        -5.37112247e-09,  3.81100047e-10],
       [-8.68996700e-16,  1.42016030e-05, -1.00506485e-06,
        -5.37840128e-09,  3.80677180e-10],
       [-8.69436182e-16,  1.41981074e-05, -1.00429348e-06,
        -5.39721602e-09,  3.79173593e-10],
       [-8.72754464e-16,  1.41933433e-05, -1.00323187e-06,
        -5.37958093e-09,  3.79711470e-10],
       [-8.68311808e-16,  1.42537192e-05, -1.00501967e-06,
        -5.35660002e-09,  3.79691178e-10],
       [-8.68715838e-16,  1.42093790e-05, -1.00497854e-06,
        -5.37632665e-09,  3.80475913e-10],
       [-8.69086818e-16,  1.41989014e-05, -1.00442783e-06,
        -5.39624967e-09,  3.79170693e-10],
       [-8.70308915e-16,  1.41989014e-05, -1.00417229e-06,
        -5.37281646e-09,  3.79691167e-10]])
'---After mutation population: 3---'
array([[-8.68883135e-16,  1.41989014e-05, -1.00447042e-06,
        -5.40015521e-09,  3.79083947e-10],
       [-8.70277845e-16,  1.41992873e-05, -1.00562382e-06,
        -5.36752649e-09,  3.81100047e-10],
       [-8.68996700e-16,  1.42016030e-05, -1.00256709e-06,
        -5.37103440e-09,  3.79752489e-10],
       [-8.68433686e-16,  1.41981074e-05, -1.00767849e-06,
        -5.40543841e-09,  3.78780627e-10],
       [-8.72754464e-16,  1.41933433e-05, -1.00323187e-06,
        -5.38343342e-09,  3.79711470e-10],
       [-8.68311808e-16,  1.42309118e-05, -1.00379030e-06,
        -5.35660002e-09,  3.78983820e-10],
       [-8.68715838e-16,  1.41810848e-05, -1.00693264e-06,
        -5.37819691e-09,  3.79901361e-10],
       [-8.70017771e-16,  1.41989014e-05, -1.00442783e-06,
        -5.39624967e-09,  3.79241580e-10],
       [-8.70308915e-16,  1.41989014e-05, -1.00378063e-06,
        -5.36977830e-09,  3.80555858e-10]])
'---After Selection population: 3---'
array([[-8.68883135e-16,  1.41989014e-05, -1.00447042e-06,
        -5.40015521e-09,  3.79083947e-10],
       [-8.70277845e-16,  1.41992873e-05, -1.00562382e-06,
        -5.36752649e-09,  3.81100047e-10],
       [-8.68996700e-16,  1.42016030e-05, -1.00256709e-06,
        -5.37103440e-09,  3.79752489e-10],
       [-8.68433686e-16,  1.41981074e-05, -1.00767849e-06,
        -5.40543841e-09,  3.78780627e-10],
       [-8.72754464e-16,  1.41933433e-05, -1.00323187e-06,
        -5.38343342e-09,  3.79711470e-10],
       [-8.68311808e-16,  1.42309118e-05, -1.00379030e-06,
        -5.35660002e-09,  3.78983820e-10],
       [-8.68715838e-16,  1.41810848e-05, -1.00693264e-06,
        -5.37819691e-09,  3.79901361e-10],
       [-8.70017771e-16,  1.41989014e-05, -1.00442783e-06,
        -5.39624967e-09,  3.79241580e-10],
       [-8.70308915e-16,  1.41989014e-05, -1.00378063e-06,
        -5.36977830e-09,  3.80555858e-10]])
'-----------GENERATION: 4--------------'
array([[-8.68433686e-16,  1.41981074e-05, -1.00767849e-06,
        -5.40543841e-09,  3.78780627e-10],
       [-8.68715838e-16,  1.41810848e-05, -1.00693264e-06,
        -5.37819691e-09,  3.79901361e-10],
       [-8.68883135e-16,  1.41989014e-05, -1.00447042e-06,
        -5.40015521e-09,  3.79083947e-10],
       [-8.70017771e-16,  1.41989014e-05, -1.00442783e-06,
        -5.39624967e-09,  3.79241580e-10],
       [-8.72754464e-16,  1.41933433e-05, -1.00323187e-06,
        -5.38343342e-09,  3.79711470e-10],
       [-8.68311808e-16,  1.42309118e-05, -1.00379030e-06,
        -5.35660002e-09,  3.78983820e-10],
       [-8.70277845e-16,  1.41992873e-05, -1.00562382e-06,
        -5.36752649e-09,  3.81100047e-10],
       [-8.68996700e-16,  1.42016030e-05, -1.00256709e-06,
        -5.37103440e-09,  3.79752489e-10],
       [-8.70308915e-16,  1.41989014e-05, -1.00378063e-06,
        -5.36977830e-09,  3.80555858e-10]])
'---Train Fitness: 4---'
array([2.42224511e+11, 2.22718604e+11, 2.24809090e+11, 2.22785541e+11,
       2.13399180e+11, 2.12612590e+11, 2.05021884e+11, 2.06921778e+11,
       2.04447992e+11])
'---Test Fitness: 4---'
array([2.20688614e+11, 2.29726500e+11, 2.31450201e+11, 2.33280970e+11,
       2.43458305e+11, 2.43524958e+11, 2.48559096e+11, 2.50120007e+11,
       2.51951813e+11])
'---After crossover population: 4---'
array([[-8.68433686e-16,  1.41981074e-05, -1.00767849e-06,
        -5.40543841e-09,  3.78780627e-10],
       [-8.68557563e-16,  1.42269588e-05, -1.00401949e-06,
        -5.35796582e-09,  3.79248348e-10],
       [-8.70032090e-16,  1.42032404e-05, -1.00539463e-06,
        -5.36616068e-09,  3.80835519e-10],
       [-8.70117702e-16,  1.41995768e-05, -1.00524173e-06,
        -5.36796498e-09,  3.80931603e-10],
       [-8.69156843e-16,  1.42013135e-05, -1.00294918e-06,
        -5.37059591e-09,  3.79920934e-10],
       [-8.70117702e-16,  1.41995768e-05, -1.00524173e-06,
        -5.36796498e-09,  3.80931603e-10],
       [-8.69156843e-16,  1.42013135e-05, -1.00294918e-06,
        -5.37059591e-09,  3.79920934e-10],
       [-8.69804526e-16,  1.42029027e-05, -1.00434814e-06,
        -5.39129346e-09,  3.79209360e-10],
       [-8.68525053e-16,  1.42269105e-05, -1.00386999e-06,
        -5.36155622e-09,  3.79016040e-10]])
'---After mutation population: 4---'
array([[-8.68433686e-16,  1.41981074e-05, -1.00767849e-06,
        -5.40543841e-09,  3.78780627e-10],
       [-8.67044484e-16,  1.42269588e-05, -1.00685525e-06,
        -5.35796582e-09,  3.79248348e-10],
       [-8.69275651e-16,  1.42032404e-05, -1.00654203e-06,
        -5.36616068e-09,  3.80835519e-10],
       [-8.70740081e-16,  1.42033518e-05, -1.00524173e-06,
        -5.36796498e-09,  3.80931603e-10],
       [-8.69156843e-16,  1.42013135e-05, -1.00294918e-06,
        -5.36539029e-09,  3.79920934e-10],
       [-8.69794777e-16,  1.41995768e-05, -1.00154692e-06,
        -5.36796498e-09,  3.80931603e-10],
       [-8.72382748e-16,  1.42212567e-05, -1.00294918e-06,
        -5.37059591e-09,  3.79362682e-10],
       [-8.70039736e-16,  1.42777631e-05, -1.00434814e-06,
        -5.38768585e-09,  3.79209360e-10],
       [-8.68516539e-16,  1.41797579e-05, -1.00246868e-06,
        -5.33586625e-09,  3.80045000e-10]])
'---After Selection population: 4---'
array([[-8.68433686e-16,  1.41981074e-05, -1.00767849e-06,
        -5.40543841e-09,  3.78780627e-10],
       [-8.67044484e-16,  1.42269588e-05, -1.00685525e-06,
        -5.35796582e-09,  3.79248348e-10],
       [-8.69275651e-16,  1.42032404e-05, -1.00654203e-06,
        -5.36616068e-09,  3.80835519e-10],
       [-8.70740081e-16,  1.42033518e-05, -1.00524173e-06,
        -5.36796498e-09,  3.80931603e-10],
       [-8.69156843e-16,  1.42013135e-05, -1.00294918e-06,
        -5.36539029e-09,  3.79920934e-10],
       [-8.69794777e-16,  1.41995768e-05, -1.00154692e-06,
        -5.36796498e-09,  3.80931603e-10],
       [-8.72382748e-16,  1.42212567e-05, -1.00294918e-06,
        -5.37059591e-09,  3.79362682e-10],
       [-8.70039736e-16,  1.42777631e-05, -1.00434814e-06,
        -5.38768585e-09,  3.79209360e-10],
       [-8.68516539e-16,  1.41797579e-05, -1.00246868e-06,
        -5.33586625e-09,  3.80045000e-10]])
'-----------GENERATION: 5--------------'
array([[-8.68433686e-16,  1.41981074e-05, -1.00767849e-06,
        -5.40543841e-09,  3.78780627e-10],
       [-8.67044484e-16,  1.42269588e-05, -1.00685525e-06,
        -5.35796582e-09,  3.79248348e-10],
       [-8.70039736e-16,  1.42777631e-05, -1.00434814e-06,
        -5.38768585e-09,  3.79209360e-10],
       [-8.69275651e-16,  1.42032404e-05, -1.00654203e-06,
        -5.36616068e-09,  3.80835519e-10],
       [-8.72382748e-16,  1.42212567e-05, -1.00294918e-06,
        -5.37059591e-09,  3.79362682e-10],
       [-8.70740081e-16,  1.42033518e-05, -1.00524173e-06,
        -5.36796498e-09,  3.80931603e-10],
       [-8.69156843e-16,  1.42013135e-05, -1.00294918e-06,
        -5.36539029e-09,  3.79920934e-10],
       [-8.68516539e-16,  1.41797579e-05, -1.00246868e-06,
        -5.33586625e-09,  3.80045000e-10],
       [-8.69794777e-16,  1.41995768e-05, -1.00154692e-06,
        -5.36796498e-09,  3.80931603e-10]])
'---Train Fitness: 5---'
array([2.42224511e+11, 2.20700612e+11, 2.15532794e+11, 2.09147201e+11,
       2.11313640e+11, 2.05263658e+11, 2.05838484e+11, 2.00002572e+11,
       1.95487262e+11])
'---Test Fitness: 5---'
array([2.20688614e+11, 2.32495747e+11, 2.41940734e+11, 2.42391337e+11,
       2.47129063e+11, 2.49213418e+11, 2.51069593e+11, 2.59260503e+11,
       2.69344699e+11])
'---After crossover population: 5---'
array([[-8.68433686e-16,  1.41981074e-05, -1.00767849e-06,
        -5.40543841e-09,  3.78780627e-10],
       [-8.72177415e-16,  1.42190186e-05, -1.00323575e-06,
        -5.37026704e-09,  3.79558797e-10],
       [-8.70945414e-16,  1.42055899e-05, -1.00495516e-06,
        -5.36829385e-09,  3.80735487e-10],
       [-8.68611428e-16,  1.41826932e-05, -1.00297785e-06,
        -5.33965305e-09,  3.80143815e-10],
       [-8.69180762e-16,  1.42003051e-05, -1.00603286e-06,
        -5.36237388e-09,  3.80736704e-10],
       [-8.68260035e-16,  1.42017138e-05, -1.00757558e-06,
        -5.39950434e-09,  3.78839092e-10],
       [-8.67218134e-16,  1.42233524e-05, -1.00695815e-06,
        -5.36389990e-09,  3.79189883e-10],
       [-8.70542176e-16,  1.42030970e-05, -1.00495516e-06,
        -5.36764314e-09,  3.80805269e-10],
       [-8.69354748e-16,  1.42015683e-05, -1.00323575e-06,
        -5.36571212e-09,  3.80047268e-10]])
'---After mutation population: 5---'
array([[-8.68433686e-16,  1.41981074e-05, -1.00767849e-06,
        -5.40543841e-09,  3.78780627e-10],
       [-8.72177415e-16,  1.42190186e-05, -1.00323575e-06,
        -5.37784545e-09,  3.79911659e-10],
       [-8.70945414e-16,  1.42071967e-05, -1.00507244e-06,
        -5.36829385e-09,  3.80830215e-10],
       [-8.68611428e-16,  1.41606858e-05, -1.00332983e-06,
        -5.33965305e-09,  3.80649372e-10],
       [-8.69180762e-16,  1.41938480e-05, -1.00603286e-06,
        -5.36237388e-09,  3.80736704e-10],
       [-8.68260035e-16,  1.42139869e-05, -1.00964868e-06,
        -5.40159132e-09,  3.78839092e-10],
       [-8.69171224e-16,  1.42304494e-05, -1.00691272e-06,
        -5.36389990e-09,  3.79189883e-10],
       [-8.70542176e-16,  1.42030970e-05, -1.00495516e-06,
        -5.36764314e-09,  3.79201716e-10],
       [-8.69354748e-16,  1.42015683e-05, -1.00323575e-06,
        -5.37048953e-09,  3.79046501e-10]])
'---After Selection population: 5---'
array([[-8.68433686e-16,  1.41981074e-05, -1.00767849e-06,
        -5.40543841e-09,  3.78780627e-10],
       [-8.72177415e-16,  1.42190186e-05, -1.00323575e-06,
        -5.37784545e-09,  3.79911659e-10],
       [-8.70945414e-16,  1.42071967e-05, -1.00507244e-06,
        -5.36829385e-09,  3.80830215e-10],
       [-8.68611428e-16,  1.41606858e-05, -1.00332983e-06,
        -5.33965305e-09,  3.80649372e-10],
       [-8.69180762e-16,  1.41938480e-05, -1.00603286e-06,
        -5.36237388e-09,  3.80736704e-10],
       [-8.68260035e-16,  1.42139869e-05, -1.00964868e-06,
        -5.40159132e-09,  3.78839092e-10],
       [-8.69171224e-16,  1.42304494e-05, -1.00691272e-06,
        -5.36389990e-09,  3.79189883e-10],
       [-8.70542176e-16,  1.42030970e-05, -1.00495516e-06,
        -5.36764314e-09,  3.79201716e-10],
       [-8.69354748e-16,  1.42015683e-05, -1.00323575e-06,
        -5.37048953e-09,  3.79046501e-10]])
'-----------GENERATION: 6--------------'
array([[-8.68260035e-16,  1.42139869e-05, -1.00964868e-06,
        -5.40159132e-09,  3.78839092e-10],
       [-8.68433686e-16,  1.41981074e-05, -1.00767849e-06,
        -5.40543841e-09,  3.78780627e-10],
       [-8.69171224e-16,  1.42304494e-05, -1.00691272e-06,
        -5.36389990e-09,  3.79189883e-10],
       [-8.70542176e-16,  1.42030970e-05, -1.00495516e-06,
        -5.36764314e-09,  3.79201716e-10],
       [-8.69354748e-16,  1.42015683e-05, -1.00323575e-06,
        -5.37048953e-09,  3.79046501e-10],
       [-8.69180762e-16,  1.41938480e-05, -1.00603286e-06,
        -5.36237388e-09,  3.80736704e-10],
       [-8.72177415e-16,  1.42190186e-05, -1.00323575e-06,
        -5.37784545e-09,  3.79911659e-10],
       [-8.70945414e-16,  1.42071967e-05, -1.00507244e-06,
        -5.36829385e-09,  3.80830215e-10],
       [-8.68611428e-16,  1.41606858e-05, -1.00332983e-06,
        -5.33965305e-09,  3.80649372e-10]])
'---Train Fitness: 6---'
array([2.47999273e+11, 2.42224511e+11, 2.23290600e+11, 2.19405505e+11,
       2.15110221e+11, 2.08319017e+11, 2.08862139e+11, 2.05485604e+11,
       1.99436611e+11])
'---Test Fitness: 6---'
array([2.18204315e+11, 2.20688614e+11, 2.31568717e+11, 2.35987425e+11,
       2.40986050e+11, 2.43625585e+11, 2.49020723e+11, 2.49445538e+11,
       2.57826255e+11])
'---After crossover population: 6---'
array([[-8.68260035e-16,  1.42139869e-05, -1.00964868e-06,
        -5.40159132e-09,  3.78839092e-10],
       [-8.71099414e-16,  1.42086744e-05, -1.00484285e-06,
        -5.36948780e-09,  3.80715395e-10],
       [-8.72023415e-16,  1.42175408e-05, -1.00346534e-06,
        -5.37665150e-09,  3.80026479e-10],
       [-8.69079031e-16,  1.42264067e-05, -1.00700844e-06,
        -5.36909221e-09,  3.79138726e-10],
       [-8.68525878e-16,  1.42021501e-05, -1.00758277e-06,
        -5.40024610e-09,  3.78831784e-10],
       [-8.70609742e-16,  1.42080454e-05, -1.00564447e-06,
        -5.37245603e-09,  3.80581324e-10],
       [-8.68595708e-16,  1.42131381e-05, -1.00907665e-06,
        -5.39742914e-09,  3.79087982e-10],
       [-8.71802833e-16,  1.42158722e-05, -1.00358539e-06,
        -5.37591150e-09,  3.80014790e-10],
       [-8.69555344e-16,  1.41969943e-05, -1.00568322e-06,
        -5.36430783e-09,  3.80633573e-10]])
'---After mutation population: 6---'
array([[-8.68260035e-16,  1.42139869e-05, -1.00964868e-06,
        -5.40159132e-09,  3.78839092e-10],
       [-8.69445455e-16,  1.42086744e-05, -1.00556352e-06,
        -5.35944552e-09,  3.80715395e-10],
       [-8.72023415e-16,  1.42175408e-05, -1.00367581e-06,
        -5.35522489e-09,  3.79570155e-10],
       [-8.73829523e-16,  1.42853133e-05, -1.00700844e-06,
        -5.36909221e-09,  3.78652417e-10],
       [-8.68525878e-16,  1.42021501e-05, -1.00659817e-06,
        -5.39102647e-09,  3.79125909e-10],
       [-8.73592467e-16,  1.42080454e-05, -1.00564447e-06,
        -5.35393115e-09,  3.79100756e-10],
       [-8.68701986e-16,  1.42131381e-05, -1.00873806e-06,
        -5.39742914e-09,  3.79087982e-10],
       [-8.71802833e-16,  1.42158722e-05, -1.00358539e-06,
        -5.37004585e-09,  3.80014790e-10],
       [-8.66510497e-16,  1.41969943e-05, -1.00302835e-06,
        -5.36430783e-09,  3.81148205e-10]])
'---After Selection population: 6---'
array([[-8.68260035e-16,  1.42139869e-05, -1.00964868e-06,
        -5.40159132e-09,  3.78839092e-10],
       [-8.69445455e-16,  1.42086744e-05, -1.00556352e-06,
        -5.35944552e-09,  3.80715395e-10],
       [-8.72023415e-16,  1.42175408e-05, -1.00367581e-06,
        -5.35522489e-09,  3.79570155e-10],
       [-8.73829523e-16,  1.42853133e-05, -1.00700844e-06,
        -5.36909221e-09,  3.78652417e-10],
       [-8.68525878e-16,  1.42021501e-05, -1.00659817e-06,
        -5.39102647e-09,  3.79125909e-10],
       [-8.73592467e-16,  1.42080454e-05, -1.00564447e-06,
        -5.35393115e-09,  3.79100756e-10],
       [-8.68701986e-16,  1.42131381e-05, -1.00873806e-06,
        -5.39742914e-09,  3.79087982e-10],
       [-8.71802833e-16,  1.42158722e-05, -1.00358539e-06,
        -5.37004585e-09,  3.80014790e-10],
       [-8.66510497e-16,  1.41969943e-05, -1.00302835e-06,
        -5.36430783e-09,  3.81148205e-10]])
'-----------GENERATION: 7--------------'
array([[-8.68260035e-16,  1.42139869e-05, -1.00964868e-06,
        -5.40159132e-09,  3.78839092e-10],
       [-8.68701986e-16,  1.42131381e-05, -1.00873806e-06,
        -5.39742914e-09,  3.79087982e-10],
       [-8.68525878e-16,  1.42021501e-05, -1.00659817e-06,
        -5.39102647e-09,  3.79125909e-10],
       [-8.73829523e-16,  1.42853133e-05, -1.00700844e-06,
        -5.36909221e-09,  3.78652417e-10],
       [-8.73592467e-16,  1.42080454e-05, -1.00564447e-06,
        -5.35393115e-09,  3.79100756e-10],
       [-8.69445455e-16,  1.42086744e-05, -1.00556352e-06,
        -5.35944552e-09,  3.80715395e-10],
       [-8.72023415e-16,  1.42175408e-05, -1.00367581e-06,
        -5.35522489e-09,  3.79570155e-10],
       [-8.71802833e-16,  1.42158722e-05, -1.00358539e-06,
        -5.37004585e-09,  3.80014790e-10],
       [-8.66510497e-16,  1.41969943e-05, -1.00302835e-06,
        -5.36430783e-09,  3.81148205e-10]])
'---Train Fitness: 7---'
array([2.47999273e+11, 2.40243486e+11, 2.30301686e+11, 2.27886763e+11,
       2.21082140e+11, 2.05766790e+11, 2.09284588e+11, 2.07815965e+11,
       1.96035823e+11])
'---Test Fitness: 7---'
array([2.18204315e+11, 2.20899597e+11, 2.26395151e+11, 2.32266768e+11,
       2.35656075e+11, 2.47923854e+11, 2.48334586e+11, 2.49588715e+11,
       2.63643666e+11])
'---After crossover population: 7---'
array([[-8.68260035e-16,  1.42139869e-05, -1.00964868e-06,
        -5.40159132e-09,  3.78839092e-10],
       [-8.73166568e-16,  1.42749179e-05, -1.00695716e-06,
        -5.37183400e-09,  3.78711604e-10],
       [-8.69188834e-16,  1.42125455e-05, -1.00664945e-06,
        -5.38828469e-09,  3.79066722e-10],
       [-8.67395743e-16,  1.41983757e-05, -1.00335536e-06,
        -5.36301074e-09,  3.80892274e-10],
       [-8.72707221e-16,  1.42066641e-05, -1.00531745e-06,
        -5.35522824e-09,  3.79356687e-10],
       [-8.68730458e-16,  1.42144312e-05, -1.00890207e-06,
        -5.39579552e-09,  3.78930475e-10],
       [-8.71552992e-16,  1.42170966e-05, -1.00442241e-06,
        -5.36102070e-09,  3.79478772e-10],
       [-8.73074091e-16,  1.42081241e-05, -1.00563435e-06,
        -5.35462045e-09,  3.79302586e-10],
       [-8.69963831e-16,  1.42085958e-05, -1.00557364e-06,
        -5.35875623e-09,  3.80513565e-10]])
'---After mutation population: 7---'
array([[-8.68260035e-16,  1.42139869e-05, -1.00964868e-06,
        -5.40159132e-09,  3.78839092e-10],
       [-8.73166568e-16,  1.42749179e-05, -1.00711797e-06,
        -5.37183400e-09,  3.78711604e-10],
       [-8.69188834e-16,  1.42125455e-05, -1.00664945e-06,
        -5.38828469e-09,  3.79259938e-10],
       [-8.65245182e-16,  1.41983757e-05, -1.00335536e-06,
        -5.36301074e-09,  3.80397115e-10],
       [-8.72707221e-16,  1.42248037e-05, -1.00935988e-06,
        -5.35522824e-09,  3.79356687e-10],
       [-8.68730458e-16,  1.42144312e-05, -1.01243742e-06,
        -5.39579552e-09,  3.78684061e-10],
       [-8.71787594e-16,  1.42061361e-05, -1.00579385e-06,
        -5.37283015e-09,  3.80850306e-10],
       [-8.73074091e-16,  1.42081241e-05, -1.00536180e-06,
        -5.35439650e-09,  3.79302586e-10],
       [-8.68930735e-16,  1.41890739e-05, -1.00557364e-06,
        -5.35984678e-09,  3.80925007e-10]])
'---After Selection population: 7---'
array([[-8.68260035e-16,  1.42139869e-05, -1.00964868e-06,
        -5.40159132e-09,  3.78839092e-10],
       [-8.73166568e-16,  1.42749179e-05, -1.00711797e-06,
        -5.37183400e-09,  3.78711604e-10],
       [-8.69188834e-16,  1.42125455e-05, -1.00664945e-06,
        -5.38828469e-09,  3.79259938e-10],
       [-8.65245182e-16,  1.41983757e-05, -1.00335536e-06,
        -5.36301074e-09,  3.80397115e-10],
       [-8.72707221e-16,  1.42248037e-05, -1.00935988e-06,
        -5.35522824e-09,  3.79356687e-10],
       [-8.68730458e-16,  1.42144312e-05, -1.01243742e-06,
        -5.39579552e-09,  3.78684061e-10],
       [-8.71787594e-16,  1.42061361e-05, -1.00579385e-06,
        -5.37283015e-09,  3.80850306e-10],
       [-8.73074091e-16,  1.42081241e-05, -1.00536180e-06,
        -5.35439650e-09,  3.79302586e-10],
       [-8.68930735e-16,  1.41890739e-05, -1.00557364e-06,
        -5.35984678e-09,  3.80925007e-10]])
'-----------GENERATION: 8--------------'
array([[-8.68730458e-16,  1.42144312e-05, -1.01243742e-06,
        -5.39579552e-09,  3.78684061e-10],
       [-8.68260035e-16,  1.42139869e-05, -1.00964868e-06,
        -5.40159132e-09,  3.78839092e-10],
       [-8.72707221e-16,  1.42248037e-05, -1.00935988e-06,
        -5.35522824e-09,  3.79356687e-10],
       [-8.69188834e-16,  1.42125455e-05, -1.00664945e-06,
        -5.38828469e-09,  3.79259938e-10],
       [-8.73166568e-16,  1.42749179e-05, -1.00711797e-06,
        -5.37183400e-09,  3.78711604e-10],
       [-8.73074091e-16,  1.42081241e-05, -1.00536180e-06,
        -5.35439650e-09,  3.79302586e-10],
       [-8.71787594e-16,  1.42061361e-05, -1.00579385e-06,
        -5.37283015e-09,  3.80850306e-10],
       [-8.68930735e-16,  1.41890739e-05, -1.00557364e-06,
        -5.35984678e-09,  3.80925007e-10],
       [-8.65245182e-16,  1.41983757e-05, -1.00335536e-06,
        -5.36301074e-09,  3.80397115e-10]])
'---Train Fitness: 8---'
array([2.62307372e+11, 2.47999273e+11, 2.31255982e+11, 2.27966490e+11,
       2.28802350e+11, 2.18039561e+11, 2.08617198e+11, 2.05154784e+11,
       2.01618663e+11])
'---Test Fitness: 8---'
array([2.15139063e+11, 2.18204315e+11, 2.25976921e+11, 2.28103497e+11,
       2.31002671e+11, 2.38049395e+11, 2.45104499e+11, 2.47570295e+11,
       2.53843044e+11])
'---After crossover population: 8---'
array([[-8.68730458e-16,  1.42144312e-05, -1.01243742e-06,
        -5.39579552e-09,  3.78684061e-10],
       [-8.68700980e-16,  1.42130056e-05, -1.00916683e-06,
        -5.39799617e-09,  3.79090494e-10],
       [-8.71346650e-16,  1.42071174e-05, -1.00627571e-06,
        -5.37642530e-09,  3.80598904e-10],
       [-8.66062984e-16,  1.41993458e-05, -1.00366017e-06,
        -5.36423817e-09,  3.80453764e-10],
       [-8.70969793e-16,  1.42051660e-05, -1.00548904e-06,
        -5.37160272e-09,  3.80793657e-10],
       [-8.66235355e-16,  1.42079435e-05, -1.00382569e-06,
        -5.36411365e-09,  3.80186426e-10],
       [-8.72176395e-16,  1.42653501e-05, -1.00664764e-06,
        -5.37073109e-09,  3.78922293e-10],
       [-8.69227553e-16,  1.42157277e-05, -1.01205273e-06,
        -5.39072461e-09,  3.78768140e-10],
       [-8.72210126e-16,  1.42235071e-05, -1.00974457e-06,
        -5.36029915e-09,  3.79272609e-10]])
'---After mutation population: 8---'
array([[-8.68730458e-16,  1.42144312e-05, -1.01243742e-06,
        -5.39579552e-09,  3.78684061e-10],
       [-8.70927810e-16,  1.42276073e-05, -1.00916683e-06,
        -5.37791591e-09,  3.79090494e-10],
       [-8.66420624e-16,  1.42071174e-05, -1.00627571e-06,
        -5.38785886e-09,  3.80598904e-10],
       [-8.68751642e-16,  1.42035533e-05, -1.00366017e-06,
        -5.36423817e-09,  3.80092555e-10],
       [-8.70277708e-16,  1.42051660e-05, -1.00513941e-06,
        -5.37160272e-09,  3.80793657e-10],
       [-8.66572655e-16,  1.42263544e-05, -1.00657528e-06,
        -5.36411365e-09,  3.80186426e-10],
       [-8.70152355e-16,  1.42364652e-05, -1.00664764e-06,
        -5.37073109e-09,  3.78922293e-10],
       [-8.69878387e-16,  1.42157277e-05, -1.01053508e-06,
        -5.37273298e-09,  3.77674832e-10],
       [-8.72585294e-16,  1.42235071e-05, -1.01220823e-06,
        -5.34720054e-09,  3.79655586e-10]])
'---After Selection population: 8---'
array([[-8.68730458e-16,  1.42144312e-05, -1.01243742e-06,
        -5.39579552e-09,  3.78684061e-10],
       [-8.70927810e-16,  1.42276073e-05, -1.00916683e-06,
        -5.37791591e-09,  3.79090494e-10],
       [-8.66420624e-16,  1.42071174e-05, -1.00627571e-06,
        -5.38785886e-09,  3.80598904e-10],
       [-8.68751642e-16,  1.42035533e-05, -1.00366017e-06,
        -5.36423817e-09,  3.80092555e-10],
       [-8.70277708e-16,  1.42051660e-05, -1.00513941e-06,
        -5.37160272e-09,  3.80793657e-10],
       [-8.66572655e-16,  1.42263544e-05, -1.00657528e-06,
        -5.36411365e-09,  3.80186426e-10],
       [-8.70152355e-16,  1.42364652e-05, -1.00664764e-06,
        -5.37073109e-09,  3.78922293e-10],
       [-8.69878387e-16,  1.42157277e-05, -1.01053508e-06,
        -5.37273298e-09,  3.77674832e-10],
       [-8.72585294e-16,  1.42235071e-05, -1.01220823e-06,
        -5.34720054e-09,  3.79655586e-10]])
'-----------GENERATION: 9--------------'
array([[-8.68730458e-16,  1.42144312e-05, -1.01243742e-06,
        -5.39579552e-09,  3.78684061e-10],
       [-8.69878387e-16,  1.42157277e-05, -1.01053508e-06,
        -5.37273298e-09,  3.77674832e-10],
       [-8.72585294e-16,  1.42235071e-05, -1.01220823e-06,
        -5.34720054e-09,  3.79655586e-10],
       [-8.70927810e-16,  1.42276073e-05, -1.00916683e-06,
        -5.37791591e-09,  3.79090494e-10],
       [-8.70152355e-16,  1.42364652e-05, -1.00664764e-06,
        -5.37073109e-09,  3.78922293e-10],
       [-8.66420624e-16,  1.42071174e-05, -1.00627571e-06,
        -5.38785886e-09,  3.80598904e-10],
       [-8.66572655e-16,  1.42263544e-05, -1.00657528e-06,
        -5.36411365e-09,  3.80186426e-10],
       [-8.70277708e-16,  1.42051660e-05, -1.00513941e-06,
        -5.37160272e-09,  3.80793657e-10],
       [-8.68751642e-16,  1.42035533e-05, -1.00366017e-06,
        -5.36423817e-09,  3.80092555e-10]])
'---Train Fitness: 9---'
array([2.62307372e+11, 2.60239571e+11, 2.38187851e+11, 2.37345517e+11,
       2.26321908e+11, 2.12826445e+11, 2.11990764e+11, 2.06392881e+11,
       2.06054949e+11])
'---Test Fitness: 9---'
array([2.15139063e+11, 2.17355877e+11, 2.20677588e+11, 2.22872601e+11,
       2.30504990e+11, 2.37623587e+11, 2.39319566e+11, 2.47777693e+11,
       2.49677553e+11])
'---After crossover population: 9---'
array([[-8.68730458e-16,  1.42144312e-05, -1.01243742e-06,
        -5.39579552e-09,  3.78684061e-10],
       [-8.68479269e-16,  1.42064035e-05, -1.00402456e-06,
        -5.36422260e-09,  3.80104289e-10],
       [-8.66845029e-16,  1.42235043e-05, -1.00621089e-06,
        -5.36412921e-09,  3.80174692e-10],
       [-8.70168025e-16,  1.42325528e-05, -1.00645911e-06,
        -5.37084004e-09,  3.79156213e-10],
       [-8.70262039e-16,  1.42090784e-05, -1.00532794e-06,
        -5.37149377e-09,  3.80559737e-10],
       [-8.70846547e-16,  1.42248021e-05, -1.00866340e-06,
        -5.37712676e-09,  3.79303389e-10],
       [-8.70358971e-16,  1.42079712e-05, -1.00564284e-06,
        -5.37239187e-09,  3.80580762e-10],
