'-----------GENERATION: 0--------------'
array([[ 0.00000000e+00, -1.54535592e-12, -4.34229867e-13,
         1.62870263e-10, -1.34936559e-10, -8.70833519e-16,
         8.82199452e-16,  1.41989014e-05, -1.00447042e-06,
        -5.38521640e-09,  3.79881261e-10],
       [ 0.00000000e+00, -1.54535592e-12, -4.34229867e-13,
         1.62870263e-10, -1.34936559e-10, -8.70833519e-16,
         8.82199452e-16,  1.41989014e-05, -1.00447042e-06,
        -5.38521640e-09,  3.79881261e-10],
       [ 0.00000000e+00, -1.54535592e-12, -4.34229867e-13,
         1.62870263e-10, -1.34936559e-10, -8.70833519e-16,
         8.82199452e-16,  1.41989014e-05, -1.00447042e-06,
        -5.38521640e-09,  3.79881261e-10],
       [ 0.00000000e+00, -1.54535592e-12, -4.34229867e-13,
         1.62870263e-10, -1.34936559e-10, -8.70833519e-16,
         8.82199452e-16,  1.41989014e-05, -1.00447042e-06,
        -5.38521640e-09,  3.79881261e-10],
       [ 0.00000000e+00, -1.54535592e-12, -4.34229867e-13,
         1.62870263e-10, -1.34936559e-10, -8.70833519e-16,
         8.82199452e-16,  1.41989014e-05, -1.00447042e-06,
        -5.38521640e-09,  3.79881261e-10],
       [ 0.00000000e+00, -1.54535592e-12, -4.34229867e-13,
         1.62870263e-10, -1.34936559e-10, -8.70833519e-16,
         8.82199452e-16,  1.41989014e-05, -1.00447042e-06,
        -5.38521640e-09,  3.79881261e-10],
       [ 0.00000000e+00, -1.54535592e-12, -4.34229867e-13,
         1.62870263e-10, -1.34936559e-10, -8.70833519e-16,
         8.82199452e-16,  1.41989014e-05, -1.00447042e-06,
        -5.38521640e-09,  3.79881261e-10],
       [ 0.00000000e+00, -1.54535592e-12, -4.34229867e-13,
         1.62870263e-10, -1.34936559e-10, -8.70833519e-16,
         8.82199452e-16,  1.41989014e-05, -1.00447042e-06,
        -5.38521640e-09,  3.79881261e-10],
       [ 0.00000000e+00, -1.54535592e-12, -4.34229867e-13,
         1.62870263e-10, -1.34936559e-10, -8.70833519e-16,
         8.82199452e-16,  1.41989014e-05, -1.00447042e-06,
        -5.38521640e-09,  3.79881261e-10]])
'---Train Fitness: 0---'
array([2.15133189e+11, 2.15133189e+11, 2.15133189e+11, 2.15133189e+11,
       2.15133189e+11, 2.15133189e+11, 2.15133189e+11, 2.15133189e+11,
       2.15133189e+11])
'---Test Fitness: 0---'
array([2.39584209e+11, 2.39584209e+11, 2.39584209e+11, 2.39584209e+11,
       2.39584209e+11, 2.39584209e+11, 2.39584209e+11, 2.39584209e+11,
       2.39584209e+11])
'-----------GENERATION: 0--------------'
array([[ 0.00000000e+00, -1.54535592e-12, -4.34229867e-13,
         1.62870263e-10, -1.34936559e-10, -8.70833519e-16,
         8.82199452e-16,  1.41989014e-05, -1.00447042e-06,
        -5.38521640e-09,  3.79881261e-10],
       [ 0.00000000e+00, -1.54535592e-12, -4.34229867e-13,
         1.62870263e-10, -1.34936559e-10, -8.70833519e-16,
         8.82199452e-16,  1.41989014e-05, -1.00447042e-06,
        -5.38521640e-09,  3.79881261e-10],
       [ 0.00000000e+00, -1.54535592e-12, -4.34229867e-13,
         1.62870263e-10, -1.34936559e-10, -8.70833519e-16,
         8.82199452e-16,  1.41989014e-05, -1.00447042e-06,
        -5.38521640e-09,  3.79881261e-10],
       [ 0.00000000e+00, -1.54535592e-12, -4.34229867e-13,
         1.62870263e-10, -1.34936559e-10, -8.70833519e-16,
         8.82199452e-16,  1.41989014e-05, -1.00447042e-06,
        -5.38521640e-09,  3.79881261e-10],
       [ 0.00000000e+00, -1.54535592e-12, -4.34229867e-13,
         1.62870263e-10, -1.34936559e-10, -8.70833519e-16,
         8.82199452e-16,  1.41989014e-05, -1.00447042e-06,
        -5.38521640e-09,  3.79881261e-10],
       [ 0.00000000e+00, -1.54535592e-12, -4.34229867e-13,
         1.62870263e-10, -1.34936559e-10, -8.70833519e-16,
         8.82199452e-16,  1.41989014e-05, -1.00447042e-06,
        -5.38521640e-09,  3.79881261e-10],
       [ 0.00000000e+00, -1.54535592e-12, -4.34229867e-13,
         1.62870263e-10, -1.34936559e-10, -8.70833519e-16,
         8.82199452e-16,  1.41989014e-05, -1.00447042e-06,
        -5.38521640e-09,  3.79881261e-10],
       [ 0.00000000e+00, -1.54535592e-12, -4.34229867e-13,
         1.62870263e-10, -1.34936559e-10, -8.70833519e-16,
         8.82199452e-16,  1.41989014e-05, -1.00447042e-06,
        -5.38521640e-09,  3.79881261e-10],
       [ 0.00000000e+00, -1.54535592e-12, -4.34229867e-13,
         1.62870263e-10, -1.34936559e-10, -8.70833519e-16,
         8.82199452e-16,  1.41989014e-05, -1.00447042e-06,
        -5.38521640e-09,  3.79881261e-10]])
'---Train Fitness: 0---'
array([2.15133189e+11, 2.15133189e+11, 2.15133189e+11, 2.15133189e+11,
       2.15133189e+11, 2.15133189e+11, 2.15133189e+11, 2.15133189e+11,
       2.15133189e+11])
'---Test Fitness: 0---'
array([2.39584209e+11, 2.39584209e+11, 2.39584209e+11, 2.39584209e+11,
       2.39584209e+11, 2.39584209e+11, 2.39584209e+11, 2.39584209e+11,
       2.39584209e+11])
'-----------GENERATION: 0--------------'
array([[ 0.00000000e+00, -1.54535592e-12, -4.34229867e-13,
         1.62870263e-10, -1.34936559e-10, -8.70833519e-16,
         8.82199452e-16,  1.41989014e-05, -1.00447042e-06,
        -5.38521640e-09,  3.79881261e-10],
       [ 0.00000000e+00, -1.54535592e-12, -4.34229867e-13,
         1.62870263e-10, -1.34936559e-10, -8.70833519e-16,
         8.82199452e-16,  1.41989014e-05, -1.00447042e-06,
        -5.38521640e-09,  3.79881261e-10],
       [ 0.00000000e+00, -1.54535592e-12, -4.34229867e-13,
         1.62870263e-10, -1.34936559e-10, -8.70833519e-16,
         8.82199452e-16,  1.41989014e-05, -1.00447042e-06,
        -5.38521640e-09,  3.79881261e-10],
       [ 0.00000000e+00, -1.54535592e-12, -4.34229867e-13,
         1.62870263e-10, -1.34936559e-10, -8.70833519e-16,
         8.82199452e-16,  1.41989014e-05, -1.00447042e-06,
        -5.38521640e-09,  3.79881261e-10],
       [ 0.00000000e+00, -1.54535592e-12, -4.34229867e-13,
         1.62870263e-10, -1.34936559e-10, -8.70833519e-16,
         8.82199452e-16,  1.41989014e-05, -1.00447042e-06,
        -5.38521640e-09,  3.79881261e-10],
       [ 0.00000000e+00, -1.54535592e-12, -4.34229867e-13,
         1.62870263e-10, -1.34936559e-10, -8.70833519e-16,
         8.82199452e-16,  1.41989014e-05, -1.00447042e-06,
        -5.38521640e-09,  3.79881261e-10],
       [ 0.00000000e+00, -1.54535592e-12, -4.34229867e-13,
         1.62870263e-10, -1.34936559e-10, -8.70833519e-16,
         8.82199452e-16,  1.41989014e-05, -1.00447042e-06,
        -5.38521640e-09,  3.79881261e-10],
       [ 0.00000000e+00, -1.54535592e-12, -4.34229867e-13,
         1.62870263e-10, -1.34936559e-10, -8.70833519e-16,
         8.82199452e-16,  1.41989014e-05, -1.00447042e-06,
        -5.38521640e-09,  3.79881261e-10],
       [ 0.00000000e+00, -1.54535592e-12, -4.34229867e-13,
         1.62870263e-10, -1.34936559e-10, -8.70833519e-16,
         8.82199452e-16,  1.41989014e-05, -1.00447042e-06,
        -5.38521640e-09,  3.79881261e-10]])
'---Train Fitness: 0---'
array([2.15133189e+11, 2.15133189e+11, 2.15133189e+11, 2.15133189e+11,
       2.15133189e+11, 2.15133189e+11, 2.15133189e+11, 2.15133189e+11,
       2.15133189e+11])
'---Test Fitness: 0---'
array([2.39584209e+11, 2.39584209e+11, 2.39584209e+11, 2.39584209e+11,
       2.39584209e+11, 2.39584209e+11, 2.39584209e+11, 2.39584209e+11,
       2.39584209e+11])
'---After crossover population: 0---'
array([[ 0.00000000e+00, -1.54535592e-12, -4.34229867e-13,
         1.62870263e-10, -1.34936559e-10, -8.70833519e-16,
         8.82199452e-16,  1.41989014e-05, -1.00447042e-06,
        -5.38521640e-09,  3.79881261e-10],
       [ 0.00000000e+00, -1.54535592e-12, -4.34229867e-13,
         1.62870263e-10, -1.34936559e-10, -8.70833519e-16,
         8.82199452e-16,  1.41989014e-05, -1.00447042e-06,
        -5.38521640e-09,  3.79881261e-10],
       [ 0.00000000e+00, -1.54535592e-12, -4.34229867e-13,
         1.62870263e-10, -1.34936559e-10, -8.70833519e-16,
         8.82199452e-16,  1.41989014e-05, -1.00447042e-06,
        -5.38521640e-09,  3.79881261e-10],
       [ 0.00000000e+00, -1.54535592e-12, -4.34229867e-13,
         1.62870263e-10, -1.34936559e-10, -8.70833519e-16,
         8.82199452e-16,  1.41989014e-05, -1.00447042e-06,
        -5.38521640e-09,  3.79881261e-10],
       [ 0.00000000e+00, -1.54535592e-12, -4.34229867e-13,
         1.62870263e-10, -1.34936559e-10, -8.70833519e-16,
         8.82199452e-16,  1.41989014e-05, -1.00447042e-06,
        -5.38521640e-09,  3.79881261e-10],
       [ 0.00000000e+00, -1.54535592e-12, -4.34229867e-13,
         1.62870263e-10, -1.34936559e-10, -8.70833519e-16,
         8.82199452e-16,  1.41989014e-05, -1.00447042e-06,
        -5.38521640e-09,  3.79881261e-10],
       [ 0.00000000e+00, -1.54535592e-12, -4.34229867e-13,
         1.62870263e-10, -1.34936559e-10, -8.70833519e-16,
         8.82199452e-16,  1.41989014e-05, -1.00447042e-06,
        -5.38521640e-09,  3.79881261e-10],
       [ 0.00000000e+00, -1.54535592e-12, -4.34229867e-13,
         1.62870263e-10, -1.34936559e-10, -8.70833519e-16,
         8.82199452e-16,  1.41989014e-05, -1.00447042e-06,
        -5.38521640e-09,  3.79881261e-10],
       [ 0.00000000e+00, -1.54535592e-12, -4.34229867e-13,
         1.62870263e-10, -1.34936559e-10, -8.70833519e-16,
         8.82199452e-16,  1.41989014e-05, -1.00447042e-06,
        -5.38521640e-09,  3.79881261e-10],
       [ 0.00000000e+00, -1.54535592e-12, -4.34229867e-13,
         1.62870263e-10, -1.34936559e-10, -8.70833519e-16,
         8.82199452e-16,  1.41989014e-05, -1.00447042e-06,
        -5.38521640e-09,  3.79881261e-10],
       [ 0.00000000e+00, -1.54535592e-12, -4.34229867e-13,
         1.62870263e-10, -1.34936559e-10, -8.70833519e-16,
         8.82199452e-16,  1.41989014e-05, -1.00447042e-06,
        -5.38521640e-09,  3.79881261e-10],
       [ 0.00000000e+00, -1.54535592e-12, -4.34229867e-13,
         1.62870263e-10, -1.34936559e-10, -8.70833519e-16,
         8.82199452e-16,  1.41989014e-05, -1.00447042e-06,
        -5.38521640e-09,  3.79881261e-10],
       [ 0.00000000e+00, -1.54535592e-12, -4.34229867e-13,
         1.62870263e-10, -1.34936559e-10, -8.70833519e-16,
         8.82199452e-16,  1.41989014e-05, -1.00447042e-06,
        -5.38521640e-09,  3.79881261e-10],
       [ 0.00000000e+00, -1.54535592e-12, -4.34229867e-13,
         1.62870263e-10, -1.34936559e-10, -8.70833519e-16,
         8.82199452e-16,  1.41989014e-05, -1.00447042e-06,
        -5.38521640e-09,  3.79881261e-10],
       [ 0.00000000e+00, -1.54535592e-12, -4.34229867e-13,
         1.62870263e-10, -1.34936559e-10, -8.70833519e-16,
         8.82199452e-16,  1.41989014e-05, -1.00447042e-06,
        -5.38521640e-09,  3.79881261e-10],
       [ 0.00000000e+00, -1.54535592e-12, -4.34229867e-13,
         1.62870263e-10, -1.34936559e-10, -8.70833519e-16,
         8.82199452e-16,  1.41989014e-05, -1.00447042e-06,
        -5.38521640e-09,  3.79881261e-10],
       [ 0.00000000e+00, -1.54535592e-12, -4.34229867e-13,
         1.62870263e-10, -1.34936559e-10, -8.70833519e-16,
         8.82199452e-16,  1.41989014e-05, -1.00447042e-06,
        -5.38521640e-09,  3.79881261e-10],
       [ 0.00000000e+00, -1.54535592e-12, -4.34229867e-13,
         1.62870263e-10, -1.34936559e-10, -8.70833519e-16,
         8.82199452e-16,  1.41989014e-05, -1.00447042e-06,
        -5.38521640e-09,  3.79881261e-10],
       [ 0.00000000e+00, -1.54535592e-12, -4.34229867e-13,
         1.62870263e-10, -1.34936559e-10, -8.70833519e-16,
         8.82199452e-16,  1.41989014e-05, -1.00447042e-06,
        -5.38521640e-09,  3.79881261e-10]])
'---After mutation population: 0---'
array([[ 0.00000000e+00, -1.54535592e-12, -4.34229867e-13,
         1.62870263e-10, -1.34936559e-10, -8.70833519e-16,
         8.82199452e-16,  1.41989014e-05, -1.00447042e-06,
        -5.38521640e-09,  3.79881261e-10],
       [ 0.00000000e+00, -1.54535592e-12, -4.33657671e-13,
         1.63262670e-10, -1.34872845e-10, -8.70833519e-16,
         8.82199452e-16,  1.41658293e-05, -1.00329356e-06,
        -5.38521640e-09,  3.79705374e-10],
       [ 0.00000000e+00, -1.54606526e-12, -4.34229867e-13,
         1.62870263e-10, -1.35055445e-10, -8.70833519e-16,
         8.79872723e-16,  1.42160219e-05, -1.00447042e-06,
        -5.38421214e-09,  3.79557695e-10],
       [ 0.00000000e+00, -1.54535592e-12, -4.34545688e-13,
         1.63083247e-10, -1.35364500e-10, -8.68247384e-16,
         8.82425251e-16,  1.42211358e-05, -1.00342485e-06,
        -5.39486241e-09,  3.79881261e-10],
       [ 0.00000000e+00, -1.54505971e-12, -4.34099152e-13,
         1.63095125e-10, -1.34936559e-10, -8.70958763e-16,
         8.81807260e-16,  1.41989014e-05, -1.00447042e-06,
        -5.38521640e-09,  3.79139142e-10],
       [ 0.00000000e+00, -1.54717239e-12, -4.34497385e-13,
         1.62870263e-10, -1.34936559e-10, -8.70833519e-16,
         8.82199452e-16,  1.42239493e-05, -1.00674273e-06,
        -5.39925088e-09,  3.79881261e-10],
       [ 0.00000000e+00, -1.54535592e-12, -4.34229867e-13,
         1.62870263e-10, -1.35032651e-10, -8.69632936e-16,
         8.82199452e-16,  1.41989014e-05, -1.00447042e-06,
        -5.39538622e-09,  3.79881261e-10],
       [ 0.00000000e+00, -1.54535592e-12, -4.33613914e-13,
         1.62527856e-10, -1.34936559e-10, -8.70833519e-16,
         8.82199452e-16,  1.41952331e-05, -1.00698728e-06,
        -5.39404168e-09,  3.80003637e-10],
       [ 0.00000000e+00, -1.54613722e-12, -4.34229867e-13,
         1.63253071e-10, -1.35252363e-10, -8.73202318e-16,
         8.82199452e-16,  1.42554956e-05, -1.00447042e-06,
        -5.38521640e-09,  3.79881261e-10],
       [ 0.00000000e+00, -1.54487717e-12, -4.34229867e-13,
         1.62625395e-10, -1.34516189e-10, -8.70833519e-16,
         8.82199452e-16,  1.42076434e-05, -1.00350647e-06,
        -5.38521640e-09,  3.79881261e-10],
       [ 0.00000000e+00, -1.54535592e-12, -4.33097467e-13,
         1.62813165e-10, -1.34965405e-10, -8.71538588e-16,
         8.80335873e-16,  1.41737886e-05, -1.00447042e-06,
        -5.38755079e-09,  3.79881261e-10],
       [ 0.00000000e+00, -1.54440747e-12, -4.34229867e-13,
         1.62870263e-10, -1.34936559e-10, -8.70397746e-16,
         8.82199452e-16,  1.41565673e-05, -1.00584007e-06,
        -5.38951418e-09,  3.80781567e-10],
       [ 0.00000000e+00, -1.54535592e-12, -4.34229867e-13,
         1.62656302e-10, -1.34705784e-10, -8.70833519e-16,
         8.82401003e-16,  1.42339766e-05, -9.99934446e-07,
        -5.38521640e-09,  3.78239225e-10],
       [ 0.00000000e+00, -1.54368757e-12, -4.33911537e-13,
         1.63192190e-10, -1.35084055e-10, -8.70833519e-16,
         8.82199452e-16,  1.41989014e-05, -1.00617975e-06,
        -5.38521640e-09,  3.79881261e-10],
       [ 0.00000000e+00, -1.54271365e-12, -4.34263775e-13,
         1.62870263e-10, -1.34936559e-10, -8.70001486e-16,
         8.80831572e-16,  1.41807325e-05, -1.00496280e-06,
        -5.38521640e-09,  3.80169308e-10],
       [ 0.00000000e+00, -1.54535592e-12, -4.35237642e-13,
         1.63225673e-10, -1.34936559e-10, -8.70833519e-16,
         8.82199452e-16,  1.42257197e-05, -1.00447042e-06,
        -5.40192580e-09,  3.79571221e-10],
       [ 0.00000000e+00, -1.54286028e-12, -4.34229867e-13,
         1.62870263e-10, -1.35052740e-10, -8.72053626e-16,
         8.82199452e-16,  1.42198589e-05, -1.00447042e-06,
        -5.39041690e-09,  3.79881261e-10],
       [ 0.00000000e+00, -1.54245662e-12, -4.34229867e-13,
         1.62667861e-10, -1.34936559e-10, -8.69763057e-16,
         8.82199452e-16,  1.42133984e-05, -1.00447042e-06,
        -5.38521640e-09,  3.79986025e-10],
       [ 0.00000000e+00, -1.54515540e-12, -4.35143875e-13,
         1.62870263e-10, -1.34936559e-10, -8.70833519e-16,
         8.82416964e-16,  1.41989014e-05, -1.00372416e-06,
        -5.38521640e-09,  3.79455880e-10]])
'---After Selection population: 0---'
array([[ 0.00000000e+00, -1.54535592e-12, -4.34229867e-13,
         1.62870263e-10, -1.34936559e-10, -8.70833519e-16,
         8.82199452e-16,  1.41989014e-05, -1.00447042e-06,
        -5.38521640e-09,  3.79881261e-10],
       [ 0.00000000e+00, -1.54535592e-12, -4.33657671e-13,
         1.63262670e-10, -1.34872845e-10, -8.70833519e-16,
         8.82199452e-16,  1.41658293e-05, -1.00329356e-06,
        -5.38521640e-09,  3.79705374e-10],
       [ 0.00000000e+00, -1.54606526e-12, -4.34229867e-13,
         1.62870263e-10, -1.35055445e-10, -8.70833519e-16,
         8.79872723e-16,  1.42160219e-05, -1.00447042e-06,
        -5.38421214e-09,  3.79557695e-10],
       [ 0.00000000e+00, -1.54535592e-12, -4.34545688e-13,
         1.63083247e-10, -1.35364500e-10, -8.68247384e-16,
         8.82425251e-16,  1.42211358e-05, -1.00342485e-06,
        -5.39486241e-09,  3.79881261e-10],
       [ 0.00000000e+00, -1.54505971e-12, -4.34099152e-13,
         1.63095125e-10, -1.34936559e-10, -8.70958763e-16,
         8.81807260e-16,  1.41989014e-05, -1.00447042e-06,
        -5.38521640e-09,  3.79139142e-10],
       [ 0.00000000e+00, -1.54717239e-12, -4.34497385e-13,
         1.62870263e-10, -1.34936559e-10, -8.70833519e-16,
         8.82199452e-16,  1.42239493e-05, -1.00674273e-06,
        -5.39925088e-09,  3.79881261e-10],
       [ 0.00000000e+00, -1.54535592e-12, -4.34229867e-13,
         1.62870263e-10, -1.35032651e-10, -8.69632936e-16,
         8.82199452e-16,  1.41989014e-05, -1.00447042e-06,
        -5.39538622e-09,  3.79881261e-10],
       [ 0.00000000e+00, -1.54535592e-12, -4.33613914e-13,
         1.62527856e-10, -1.34936559e-10, -8.70833519e-16,
         8.82199452e-16,  1.41952331e-05, -1.00698728e-06,
        -5.39404168e-09,  3.80003637e-10],
       [ 0.00000000e+00, -1.54613722e-12, -4.34229867e-13,
         1.63253071e-10, -1.35252363e-10, -8.73202318e-16,
         8.82199452e-16,  1.42554956e-05, -1.00447042e-06,
        -5.38521640e-09,  3.79881261e-10]])
'-----------GENERATION: 1--------------'
array([[ 0.00000000e+00, -1.54535592e-12, -4.33613914e-13,
         1.62527856e-10, -1.34936559e-10, -8.70833519e-16,
         8.82199452e-16,  1.41952331e-05, -1.00698728e-06,
        -5.39404168e-09,  3.80003637e-10],
       [ 0.00000000e+00, -1.54535592e-12, -4.34229867e-13,
         1.62870263e-10, -1.35032651e-10, -8.69632936e-16,
         8.82199452e-16,  1.41989014e-05, -1.00447042e-06,
        -5.39538622e-09,  3.79881261e-10],
       [ 0.00000000e+00, -1.54535592e-12, -4.34229867e-13,
         1.62870263e-10, -1.34936559e-10, -8.70833519e-16,
         8.82199452e-16,  1.41989014e-05, -1.00447042e-06,
        -5.38521640e-09,  3.79881261e-10],
       [ 0.00000000e+00, -1.54717239e-12, -4.34497385e-13,
         1.62870263e-10, -1.34936559e-10, -8.70833519e-16,
         8.82199452e-16,  1.42239493e-05, -1.00674273e-06,
        -5.39925088e-09,  3.79881261e-10],
       [ 0.00000000e+00, -1.54535592e-12, -4.33657671e-13,
         1.63262670e-10, -1.34872845e-10, -8.70833519e-16,
         8.82199452e-16,  1.41658293e-05, -1.00329356e-06,
        -5.38521640e-09,  3.79705374e-10],
       [ 0.00000000e+00, -1.54535592e-12, -4.34545688e-13,
         1.63083247e-10, -1.35364500e-10, -8.68247384e-16,
         8.82425251e-16,  1.42211358e-05, -1.00342485e-06,
        -5.39486241e-09,  3.79881261e-10],
       [ 0.00000000e+00, -1.54606526e-12, -4.34229867e-13,
         1.62870263e-10, -1.35055445e-10, -8.70833519e-16,
         8.79872723e-16,  1.42160219e-05, -1.00447042e-06,
        -5.38421214e-09,  3.79557695e-10],
       [ 0.00000000e+00, -1.54505971e-12, -4.34099152e-13,
         1.63095125e-10, -1.34936559e-10, -8.70958763e-16,
         8.81807260e-16,  1.41989014e-05, -1.00447042e-06,
        -5.38521640e-09,  3.79139142e-10],
       [ 0.00000000e+00, -1.54613722e-12, -4.34229867e-13,
         1.63253071e-10, -1.35252363e-10, -8.73202318e-16,
         8.82199452e-16,  1.42554956e-05, -1.00447042e-06,
        -5.38521640e-09,  3.79881261e-10]])
'---Train Fitness: 1---'
array([2.24907592e+11, 2.16526432e+11, 2.15133189e+11, 2.24053348e+11,
       2.15078023e+11, 2.10955766e+11, 2.16714949e+11, 2.22159321e+11,
       2.12272455e+11])
'---Test Fitness: 1---'
array([2.29290116e+11, 2.37674101e+11, 2.39584209e+11, 2.30928479e+11,
       2.39920490e+11, 2.44343945e+11, 2.38902568e+11, 2.34251775e+11,
       2.45446280e+11])
'---After crossover population: 1---'
array([[ 0.00000000e+00, -1.54535592e-12, -4.33613914e-13,
         1.62527856e-10, -1.34936559e-10, -8.70833519e-16,
         8.82199452e-16,  1.41952331e-05, -1.00698728e-06,
        -5.39404168e-09,  3.80003637e-10],
       [ 0.00000000e+00, -1.54535592e-12, -4.34429216e-13,
         1.63013823e-10, -1.35311007e-10, -8.68570651e-16,
         8.82397026e-16,  1.42178979e-05, -1.00387015e-06,
        -5.39475981e-09,  3.79896558e-10],
       [ 0.00000000e+00, -1.54535592e-12, -4.33730386e-13,
         1.62597280e-10, -1.34990052e-10, -8.70510252e-16,
         8.82227677e-16,  1.41984709e-05, -1.00654198e-06,
        -5.39414427e-09,  3.79988340e-10],
       [ 0.00000000e+00, -1.54509673e-12, -4.34043967e-13,
         1.63116068e-10, -1.34928595e-10, -8.70943108e-16,
         8.81856284e-16,  1.41947674e-05, -1.00432331e-06,
        -5.38521640e-09,  3.79209921e-10],
       [ 0.00000000e+00, -1.54531890e-12, -4.33712856e-13,
         1.63241727e-10, -1.34880809e-10, -8.70849174e-16,
         8.82150428e-16,  1.41699634e-05, -1.00344066e-06,
        -5.38521640e-09,  3.79634595e-10],
       [ 0.00000000e+00, -1.54532379e-12, -4.34148931e-13,
         1.63067018e-10, -1.34936559e-10, -8.70943108e-16,
         8.81856284e-16,  1.42020324e-05, -1.00475446e-06,
        -5.38697071e-09,  3.79231907e-10],
       [ 0.00000000e+00, -1.54690831e-12, -4.34447606e-13,
         1.62898371e-10, -1.34936559e-10, -8.70849174e-16,
         8.82150428e-16,  1.42208183e-05, -1.00645869e-06,
        -5.39749657e-09,  3.79788496e-10],
       [ 0.00000000e+00, -1.54544459e-12, -4.33729196e-13,
         1.63213619e-10, -1.34895670e-10, -8.70833519e-16,
         8.81908611e-16,  1.41721034e-05, -1.00344066e-06,
        -5.38509087e-09,  3.79686914e-10],
       [ 0.00000000e+00, -1.54597659e-12, -4.34158342e-13,
         1.62919314e-10, -1.35032620e-10, -8.70833519e-16,
         8.80163564e-16,  1.42097478e-05, -1.00432331e-06,
        -5.38433767e-09,  3.79576155e-10],
       [ 0.00000000e+00, -1.54600253e-12, -4.34213527e-13,
         1.63233328e-10, -1.35212887e-10, -8.72921874e-16,
         8.82150428e-16,  1.42484213e-05, -1.00447042e-06,
        -5.38521640e-09,  3.79788496e-10],
       [ 0.00000000e+00, -1.54519439e-12, -4.34115492e-13,
         1.63114869e-10, -1.34976035e-10, -8.71239207e-16,
         8.81856284e-16,  1.42059757e-05, -1.00447042e-06,
        -5.38521640e-09,  3.79231907e-10],
       [ 0.00000000e+00, -1.54535592e-12, -4.34506210e-13,
         1.63056624e-10, -1.35323019e-10, -8.68420578e-16,
         8.82397026e-16,  1.42183565e-05, -1.00355554e-06,
        -5.39492788e-09,  3.79881261e-10],
       [ 0.00000000e+00, -1.54535592e-12, -4.34269344e-13,
         1.62896886e-10, -1.35074132e-10, -8.69459742e-16,
         8.82227677e-16,  1.42016807e-05, -1.00433972e-06,
        -5.39532075e-09,  3.79881261e-10],
       [ 0.00000000e+00, -1.54509673e-12, -4.34115492e-13,
         1.63067018e-10, -1.34948571e-10, -8.70793035e-16,
         8.81856284e-16,  1.41989014e-05, -1.00447042e-06,
        -5.38648763e-09,  3.79231907e-10],
       [ 0.00000000e+00, -1.54531890e-12, -4.34213527e-13,
         1.62898371e-10, -1.35020639e-10, -8.69798665e-16,
         8.82150428e-16,  1.41989014e-05, -1.00447042e-06,
        -5.39411500e-09,  3.79788496e-10],
       [ 0.00000000e+00, -1.54703400e-12, -4.34463945e-13,
         1.62870263e-10, -1.34951420e-10, -8.70833519e-16,
         8.81908611e-16,  1.42229583e-05, -1.00645869e-06,
        -5.39737104e-09,  3.79840815e-10],
       [ 0.00000000e+00, -1.54620365e-12, -4.34263307e-13,
         1.62870263e-10, -1.35040585e-10, -8.70833519e-16,
         8.80163564e-16,  1.42170128e-05, -1.00475446e-06,
        -5.38609198e-09,  3.79598141e-10],
       [ 0.00000000e+00, -1.54535592e-12, -4.34158342e-13,
         1.62919314e-10, -1.34928595e-10, -8.70833519e-16,
         8.82199452e-16,  1.41947674e-05, -1.00432331e-06,
        -5.38521640e-09,  3.79859275e-10],
       [ 0.00000000e+00, -1.54535592e-12, -4.33729196e-13,
         1.63213619e-10, -1.34880809e-10, -8.70833519e-16,
         8.82199452e-16,  1.41699634e-05, -1.00344066e-06,
        -5.38521640e-09,  3.79727360e-10]])
'---After mutation population: 1---'
array([[ 0.00000000e+00, -1.54535592e-12, -4.33613914e-13,
         1.62527856e-10, -1.34936559e-10, -8.70833519e-16,
         8.82199452e-16,  1.41952331e-05, -1.00698728e-06,
        -5.39404168e-09,  3.80003637e-10],
       [ 0.00000000e+00, -1.54732209e-12, -4.34684321e-13,
         1.63013823e-10, -1.35311007e-10, -8.68570651e-16,
         8.82754023e-16,  1.42178979e-05, -1.00387015e-06,
        -5.39934138e-09,  3.80165471e-10],
       [ 0.00000000e+00, -1.54626970e-12, -4.34483444e-13,
         1.62597280e-10, -1.35476864e-10, -8.72931674e-16,
         8.83007298e-16,  1.41984709e-05, -1.00781188e-06,
        -5.39005947e-09,  3.79411778e-10],
       [ 0.00000000e+00, -1.54509673e-12, -4.34043967e-13,
         1.63085727e-10, -1.35487130e-10, -8.70943108e-16,
         8.81856284e-16,  1.41601540e-05, -1.00366443e-06,
        -5.38521640e-09,  3.79209921e-10],
       [ 0.00000000e+00, -1.54531890e-12, -4.33712856e-13,
         1.63241727e-10, -1.34766270e-10, -8.70849174e-16,
         8.81985049e-16,  1.41699634e-05, -1.00356954e-06,
        -5.38521640e-09,  3.79634595e-10],
       [ 0.00000000e+00, -1.54576085e-12, -4.34148931e-13,
         1.63233723e-10, -1.34922684e-10, -8.70943108e-16,
         8.80450652e-16,  1.42020324e-05, -1.00113608e-06,
        -5.38697071e-09,  3.79231907e-10],
       [ 0.00000000e+00, -1.54769322e-12, -4.35562887e-13,
         1.62877421e-10, -1.34936559e-10, -8.70849174e-16,
         8.84970366e-16,  1.42208183e-05, -1.00645869e-06,
        -5.39749657e-09,  3.79788496e-10],
       [ 0.00000000e+00, -1.54544459e-12, -4.33176070e-13,
         1.63213619e-10, -1.34640745e-10, -8.70833519e-16,
         8.81908611e-16,  1.42095128e-05, -1.00344066e-06,
        -5.38478848e-09,  3.80424133e-10],
       [ 0.00000000e+00, -1.54597659e-12, -4.35119992e-13,
         1.62919314e-10, -1.35032620e-10, -8.71355198e-16,
         8.82459494e-16,  1.42097478e-05, -1.00340933e-06,
        -5.38000676e-09,  3.79793973e-10],
       [ 0.00000000e+00, -1.54600253e-12, -4.34659276e-13,
         1.63233328e-10, -1.35324640e-10, -8.71254912e-16,
         8.82682974e-16,  1.42484213e-05, -1.00603717e-06,
        -5.40999626e-09,  3.79788496e-10],
       [ 0.00000000e+00, -1.54519439e-12, -4.33075191e-13,
         1.63114869e-10, -1.34976035e-10, -8.76256630e-16,
         8.81856284e-16,  1.42752994e-05, -1.00447042e-06,
        -5.38521640e-09,  3.79231907e-10],
       [ 0.00000000e+00, -1.54535592e-12, -4.33808966e-13,
         1.63056624e-10, -1.35103444e-10, -8.66825005e-16,
         8.81506700e-16,  1.42083993e-05, -1.00355554e-06,
        -5.40993167e-09,  3.79881261e-10],
       [ 0.00000000e+00, -1.54535592e-12, -4.35126815e-13,
         1.62896886e-10, -1.35074132e-10, -8.69459742e-16,
         8.82227677e-16,  1.42016807e-05, -1.00433972e-06,
        -5.39708093e-09,  3.79881261e-10],
       [ 0.00000000e+00, -1.54943152e-12, -4.34844456e-13,
         1.63067018e-10, -1.34948571e-10, -8.71457431e-16,
         8.81856284e-16,  1.41989014e-05, -1.00447042e-06,
        -5.39620872e-09,  3.79940057e-10],
       [ 0.00000000e+00, -1.54531890e-12, -4.34213527e-13,
         1.62880356e-10, -1.34951552e-10, -8.66760260e-16,
         8.82150428e-16,  1.41989014e-05, -1.00427295e-06,
        -5.39411500e-09,  3.79788496e-10],
       [ 0.00000000e+00, -1.54703400e-12, -4.34463945e-13,
         1.62870263e-10, -1.34970228e-10, -8.72443654e-16,
         8.81908611e-16,  1.42278742e-05, -1.00645869e-06,
        -5.39705951e-09,  3.79840815e-10],
       [ 0.00000000e+00, -1.54150925e-12, -4.34263307e-13,
         1.62198508e-10, -1.35307930e-10, -8.70833519e-16,
         8.81845220e-16,  1.42170128e-05, -1.00157884e-06,
        -5.39712253e-09,  3.79598141e-10],
       [ 0.00000000e+00, -1.54502976e-12, -4.34158342e-13,
         1.62903389e-10, -1.35066823e-10, -8.69429353e-16,
         8.80025050e-16,  1.41947674e-05, -1.00164505e-06,
        -5.38521640e-09,  3.79859275e-10],
       [ 0.00000000e+00, -1.54535592e-12, -4.33729196e-13,
         1.63213619e-10, -1.35065008e-10, -8.72036983e-16,
         8.82199452e-16,  1.41699634e-05, -1.00344066e-06,
        -5.38866450e-09,  3.79727360e-10]])
'---After Selection population: 1---'
array([[ 0.00000000e+00, -1.54535592e-12, -4.33613914e-13,
         1.62527856e-10, -1.34936559e-10, -8.70833519e-16,
         8.82199452e-16,  1.41952331e-05, -1.00698728e-06,
        -5.39404168e-09,  3.80003637e-10],
       [ 0.00000000e+00, -1.54732209e-12, -4.34684321e-13,
         1.63013823e-10, -1.35311007e-10, -8.68570651e-16,
         8.82754023e-16,  1.42178979e-05, -1.00387015e-06,
        -5.39934138e-09,  3.80165471e-10],
       [ 0.00000000e+00, -1.54626970e-12, -4.34483444e-13,
         1.62597280e-10, -1.35476864e-10, -8.72931674e-16,
         8.83007298e-16,  1.41984709e-05, -1.00781188e-06,
        -5.39005947e-09,  3.79411778e-10],
       [ 0.00000000e+00, -1.54509673e-12, -4.34043967e-13,
         1.63085727e-10, -1.35487130e-10, -8.70943108e-16,
         8.81856284e-16,  1.41601540e-05, -1.00366443e-06,
        -5.38521640e-09,  3.79209921e-10],
       [ 0.00000000e+00, -1.54531890e-12, -4.33712856e-13,
         1.63241727e-10, -1.34766270e-10, -8.70849174e-16,
         8.81985049e-16,  1.41699634e-05, -1.00356954e-06,
        -5.38521640e-09,  3.79634595e-10],
       [ 0.00000000e+00, -1.54576085e-12, -4.34148931e-13,
         1.63233723e-10, -1.34922684e-10, -8.70943108e-16,
         8.80450652e-16,  1.42020324e-05, -1.00113608e-06,
        -5.38697071e-09,  3.79231907e-10],
       [ 0.00000000e+00, -1.54769322e-12, -4.35562887e-13,
         1.62877421e-10, -1.34936559e-10, -8.70849174e-16,
         8.84970366e-16,  1.42208183e-05, -1.00645869e-06,
        -5.39749657e-09,  3.79788496e-10],
       [ 0.00000000e+00, -1.54544459e-12, -4.33176070e-13,
         1.63213619e-10, -1.34640745e-10, -8.70833519e-16,
         8.81908611e-16,  1.42095128e-05, -1.00344066e-06,
        -5.38478848e-09,  3.80424133e-10],
       [ 0.00000000e+00, -1.54597659e-12, -4.35119992e-13,
         1.62919314e-10, -1.35032620e-10, -8.71355198e-16,
         8.82459494e-16,  1.42097478e-05, -1.00340933e-06,
        -5.38000676e-09,  3.79793973e-10]])
'-----------GENERATION: 2--------------'
array([[ 0.00000000e+00, -1.54535592e-12, -4.33613914e-13,
         1.62527856e-10, -1.34936559e-10, -8.70833519e-16,
         8.82199452e-16,  1.41952331e-05, -1.00698728e-06,
        -5.39404168e-09,  3.80003637e-10],
       [ 0.00000000e+00, -1.54732209e-12, -4.34684321e-13,
         1.63013823e-10, -1.35311007e-10, -8.68570651e-16,
         8.82754023e-16,  1.42178979e-05, -1.00387015e-06,
        -5.39934138e-09,  3.80165471e-10],
       [ 0.00000000e+00, -1.54531890e-12, -4.33712856e-13,
         1.63241727e-10, -1.34766270e-10, -8.70849174e-16,
         8.81985049e-16,  1.41699634e-05, -1.00356954e-06,
        -5.38521640e-09,  3.79634595e-10],
       [ 0.00000000e+00, -1.54769322e-12, -4.35562887e-13,
         1.62877421e-10, -1.34936559e-10, -8.70849174e-16,
         8.84970366e-16,  1.42208183e-05, -1.00645869e-06,
        -5.39749657e-09,  3.79788496e-10],
       [ 0.00000000e+00, -1.54509673e-12, -4.34043967e-13,
         1.63085727e-10, -1.35487130e-10, -8.70943108e-16,
         8.81856284e-16,  1.41601540e-05, -1.00366443e-06,
        -5.38521640e-09,  3.79209921e-10],
       [ 0.00000000e+00, -1.54597659e-12, -4.35119992e-13,
         1.62919314e-10, -1.35032620e-10, -8.71355198e-16,
         8.82459494e-16,  1.42097478e-05, -1.00340933e-06,
        -5.38000676e-09,  3.79793973e-10],
       [ 0.00000000e+00, -1.54544459e-12, -4.33176070e-13,
         1.63213619e-10, -1.34640745e-10, -8.70833519e-16,
         8.81908611e-16,  1.42095128e-05, -1.00344066e-06,
        -5.38478848e-09,  3.80424133e-10],
       [ 0.00000000e+00, -1.54626970e-12, -4.34483444e-13,
         1.62597280e-10, -1.35476864e-10, -8.72931674e-16,
         8.83007298e-16,  1.41984709e-05, -1.00781188e-06,
        -5.39005947e-09,  3.79411778e-10],
       [ 0.00000000e+00, -1.54576085e-12, -4.34148931e-13,
         1.63233723e-10, -1.34922684e-10, -8.70943108e-16,
         8.80450652e-16,  1.42020324e-05, -1.00113608e-06,
        -5.38697071e-09,  3.79231907e-10]])
'---Train Fitness: 2---'
array([2.24907592e+11, 2.11024349e+11, 2.16366267e+11, 2.23812095e+11,
       2.21439033e+11, 2.11026674e+11, 2.06495353e+11, 2.34204179e+11,
       2.10292981e+11])
'---Test Fitness: 2---'
array([2.29290116e+11, 2.43590009e+11, 2.38625750e+11, 2.31335089e+11,
       2.34337385e+11, 2.45638196e+11, 2.50262656e+11, 2.24847358e+11,
       2.48927711e+11])
'---After crossover population: 2---'
array([[ 0.00000000e+00, -1.54535592e-12, -4.33613914e-13,
         1.62527856e-10, -1.34936559e-10, -8.70833519e-16,
         8.82199452e-16,  1.41952331e-05, -1.00698728e-06,
        -5.39404168e-09,  3.80003637e-10],
       [ 0.00000000e+00, -1.54554773e-12, -4.33339492e-13,
         1.63136576e-10, -1.34745260e-10, -8.71095788e-16,
         8.82045947e-16,  1.42081326e-05, -1.00398707e-06,
        -5.38544735e-09,  3.80297588e-10],
       [ 0.00000000e+00, -1.54616656e-12, -4.34320023e-13,
         1.62674323e-10, -1.35372349e-10, -8.72669405e-16,
         8.82869962e-16,  1.41998511e-05, -1.00726548e-06,
        -5.38940059e-09,  3.79538323e-10],
       [ 0.00000000e+00, -1.54540654e-12, -4.33680791e-13,
         1.62616090e-10, -1.34934825e-10, -8.70847217e-16,
         8.81980852e-16,  1.41960830e-05, -1.00625588e-06,
        -5.39315781e-09,  3.79907171e-10],
       [ 0.00000000e+00, -1.54571023e-12, -4.34082054e-13,
         1.63145489e-10, -1.34924418e-10, -8.70929409e-16,
         8.80669252e-16,  1.42011825e-05, -1.00186748e-06,
        -5.38785458e-09,  3.79328373e-10],
       [ 0.00000000e+00, -1.54537414e-12, -4.33767366e-13,
         1.63240726e-10, -1.34785822e-10, -8.70860916e-16,
         8.81793249e-16,  1.41739720e-05, -1.00326536e-06,
        -5.38543569e-09,  3.79584259e-10],
       [ 0.00000000e+00, -1.54570561e-12, -4.34094422e-13,
         1.63234723e-10, -1.34903132e-10, -8.70931366e-16,
         8.80642452e-16,  1.41980238e-05, -1.00144026e-06,
        -5.38675142e-09,  3.79282243e-10],
       [ 0.00000000e+00, -1.54543351e-12, -4.33802174e-13,
         1.62576789e-10, -1.34948567e-10, -8.70898729e-16,
         8.82231958e-16,  1.41970474e-05, -1.00654004e-06,
        -5.39228731e-09,  3.79977429e-10],
       [ 0.00000000e+00, -1.54589901e-12, -4.34931733e-13,
         1.62870382e-10, -1.35020613e-10, -8.71289988e-16,
         8.82426989e-16,  1.42079334e-05, -1.00385658e-06,
        -5.38176112e-09,  3.79820181e-10],
       [ 0.00000000e+00, -1.54707632e-12, -4.34550520e-13,
         1.62953078e-10, -1.35264201e-10, -8.68853510e-16,
         8.82684701e-16,  1.42150648e-05, -1.00425979e-06,
        -5.39867892e-09,  3.80145242e-10],
       [ 0.00000000e+00, -1.54560169e-12, -4.33747715e-13,
         1.62588602e-10, -1.34983365e-10, -8.70550660e-16,
         8.82268774e-16,  1.41980662e-05, -1.00659764e-06,
        -5.39470414e-09,  3.80023866e-10],
       [ 0.00000000e+00, -1.54623306e-12, -4.34563013e-13,
         1.62637534e-10, -1.35421334e-10, -8.72734615e-16,
         8.82938823e-16,  1.41998805e-05, -1.00726156e-06,
        -5.38880288e-09,  3.79459553e-10],
       [ 0.00000000e+00, -1.54601323e-12, -4.35040424e-13,
         1.62879060e-10, -1.35088151e-10, -8.71552258e-16,
         8.82527970e-16,  1.42083382e-05, -1.00395965e-06,
        -5.38126335e-09,  3.79746199e-10],
       [ 0.00000000e+00, -1.54561569e-12, -4.33944110e-13,
         1.63196188e-10, -1.34787556e-10, -8.70849174e-16,
         8.82358213e-16,  1.41763202e-05, -1.00393068e-06,
        -5.38675142e-09,  3.79653833e-10],
       [ 0.00000000e+00, -1.54739643e-12, -4.35331633e-13,
         1.62922960e-10, -1.34915273e-10, -8.70849174e-16,
         8.84597201e-16,  1.42144614e-05, -1.00609755e-06,
        -5.39596155e-09,  3.79769259e-10],
       [ 0.00000000e+00, -1.54570561e-12, -4.34094422e-13,
         1.63234723e-10, -1.34903132e-10, -8.70931366e-16,
         8.80642452e-16,  1.41980238e-05, -1.00144026e-06,
        -5.38675142e-09,  3.79282243e-10],
       [ 0.00000000e+00, -1.54537414e-12, -4.33767366e-13,
         1.63240726e-10, -1.34785822e-10, -8.70860916e-16,
         8.81793249e-16,  1.41739720e-05, -1.00326536e-06,
        -5.38543569e-09,  3.79584259e-10],
       [ 0.00000000e+00, -1.54543351e-12, -4.33230800e-13,
         1.63127898e-10, -1.34677722e-10, -8.70833519e-16,
         8.81944966e-16,  1.42077279e-05, -1.00388399e-06,
        -5.38594513e-09,  3.80371571e-10],
       [ 0.00000000e+00, -1.54536701e-12, -4.33559183e-13,
         1.62613577e-10, -1.34899582e-10, -8.70833519e-16,
         8.82163097e-16,  1.41970180e-05, -1.00654395e-06,
        -5.39288503e-09,  3.80056199e-10]])
'---After mutation population: 2---'
array([[ 0.00000000e+00, -1.54535592e-12, -4.33613914e-13,
         1.62527856e-10, -1.34936559e-10, -8.70833519e-16,
         8.82199452e-16,  1.41952331e-05, -1.00698728e-06,
        -5.39404168e-09,  3.80003637e-10],
       [ 0.00000000e+00, -1.54807658e-12, -4.32436207e-13,
         1.63136576e-10, -1.34745260e-10, -8.70906220e-16,
         8.82045947e-16,  1.42344978e-05, -1.00660481e-06,
        -5.40224596e-09,  3.80443140e-10],
       [ 0.00000000e+00, -1.54822267e-12, -4.33260088e-13,
         1.62822485e-10, -1.35364419e-10, -8.70612444e-16,
         8.82945345e-16,  1.41738801e-05, -1.00674933e-06,
        -5.38940059e-09,  3.80170073e-10],
       [ 0.00000000e+00, -1.54540654e-12, -4.33680791e-13,
         1.62780537e-10, -1.34491019e-10, -8.71854174e-16,
         8.81980852e-16,  1.41960830e-05, -1.00647713e-06,
        -5.38691247e-09,  3.79601252e-10],
       [ 0.00000000e+00, -1.54016185e-12, -4.34082054e-13,
         1.63072946e-10, -1.34863345e-10, -8.70929409e-16,
         8.80669252e-16,  1.42226437e-05, -1.00390023e-06,
        -5.38785458e-09,  3.79328373e-10],
       [ 0.00000000e+00, -1.54561254e-12, -4.33475383e-13,
         1.63012355e-10, -1.34785822e-10, -8.72365494e-16,
         8.81793249e-16,  1.41739720e-05, -1.00326536e-06,
        -5.38604607e-09,  3.80231889e-10],
       [ 0.00000000e+00, -1.54570561e-12, -4.33436203e-13,
         1.62749945e-10, -1.34903132e-10, -8.70931366e-16,
         8.82440330e-16,  1.42033335e-05, -9.99713763e-07,
        -5.39721778e-09,  3.80418070e-10],
       [ 0.00000000e+00, -1.53931349e-12, -4.34903124e-13,
         1.62576789e-10, -1.34870709e-10, -8.70898729e-16,
         8.83588551e-16,  1.41981841e-05, -1.01101786e-06,
        -5.39228731e-09,  3.79499366e-10],
       [ 0.00000000e+00, -1.54474786e-12, -4.35728103e-13,
         1.62870382e-10, -1.35087943e-10, -8.71289988e-16,
         8.82426989e-16,  1.42079334e-05, -1.00303219e-06,
        -5.38503090e-09,  3.79820181e-10],
       [ 0.00000000e+00, -1.54707632e-12, -4.34803994e-13,
         1.63132254e-10, -1.35242942e-10, -8.68853510e-16,
         8.82565313e-16,  1.42337013e-05, -1.00425979e-06,
        -5.39867892e-09,  3.80145242e-10],
       [ 0.00000000e+00, -1.54334132e-12, -4.33747715e-13,
         1.62321150e-10, -1.34983365e-10, -8.66367496e-16,
         8.82352919e-16,  1.41980662e-05, -1.00710668e-06,
        -5.39649566e-09,  3.80610726e-10],
       [ 0.00000000e+00, -1.54623306e-12, -4.33302688e-13,
         1.62637534e-10, -1.35399686e-10, -8.71724870e-16,
         8.82938823e-16,  1.41998805e-05, -1.00726156e-06,
        -5.39432264e-09,  3.79459553e-10],
       [ 0.00000000e+00, -1.54601323e-12, -4.35638363e-13,
         1.62517313e-10, -1.35188873e-10, -8.71552258e-16,
         8.82527970e-16,  1.42083382e-05, -1.00825597e-06,
