'-----------GENERATION: 0--------------'
array([[ 0.00000000e+00, -1.54535592e-12, -4.34229867e-13,
         1.62870263e-10, -1.34936559e-10, -8.70833519e-16,
         8.82199452e-16,  1.41989014e-05, -1.00447042e-06,
        -5.38521640e-09,  3.79881261e-10],
       [ 0.00000000e+00, -1.54535592e-12, -4.34229867e-13,
         1.62870263e-10, -1.34936559e-10, -8.70833519e-16,
         8.82199452e-16,  1.41989014e-05, -1.00447042e-06,
        -5.38521640e-09,  3.79881261e-10],
       [ 0.00000000e+00, -1.54535592e-12, -4.34229867e-13,
         1.62870263e-10, -1.34936559e-10, -8.70833519e-16,
         8.82199452e-16,  1.41989014e-05, -1.00447042e-06,
        -5.38521640e-09,  3.79881261e-10],
       [ 0.00000000e+00, -1.54535592e-12, -4.34229867e-13,
         1.62870263e-10, -1.34936559e-10, -8.70833519e-16,
         8.82199452e-16,  1.41989014e-05, -1.00447042e-06,
        -5.38521640e-09,  3.79881261e-10],
       [ 0.00000000e+00, -1.54535592e-12, -4.34229867e-13,
         1.62870263e-10, -1.34936559e-10, -8.70833519e-16,
         8.82199452e-16,  1.41989014e-05, -1.00447042e-06,
        -5.38521640e-09,  3.79881261e-10],
       [ 0.00000000e+00, -1.54535592e-12, -4.34229867e-13,
         1.62870263e-10, -1.34936559e-10, -8.70833519e-16,
         8.82199452e-16,  1.41989014e-05, -1.00447042e-06,
        -5.38521640e-09,  3.79881261e-10],
       [ 0.00000000e+00, -1.54535592e-12, -4.34229867e-13,
         1.62870263e-10, -1.34936559e-10, -8.70833519e-16,
         8.82199452e-16,  1.41989014e-05, -1.00447042e-06,
        -5.38521640e-09,  3.79881261e-10],
       [ 0.00000000e+00, -1.54535592e-12, -4.34229867e-13,
         1.62870263e-10, -1.34936559e-10, -8.70833519e-16,
         8.82199452e-16,  1.41989014e-05, -1.00447042e-06,
        -5.38521640e-09,  3.79881261e-10],
       [ 0.00000000e+00, -1.54535592e-12, -4.34229867e-13,
         1.62870263e-10, -1.34936559e-10, -8.70833519e-16,
         8.82199452e-16,  1.41989014e-05, -1.00447042e-06,
        -5.38521640e-09,  3.79881261e-10]])
'---Train Fitness: 0---'
array([2.15133189e+11, 2.15133189e+11, 2.15133189e+11, 2.15133189e+11,
       2.15133189e+11, 2.15133189e+11, 2.15133189e+11, 2.15133189e+11,
       2.15133189e+11])
'---Test Fitness: 0---'
array([2.39584209e+11, 2.39584209e+11, 2.39584209e+11, 2.39584209e+11,
       2.39584209e+11, 2.39584209e+11, 2.39584209e+11, 2.39584209e+11,
       2.39584209e+11])
'---After crossover population: 0---'
array([[ 0.00000000e+00, -1.54535592e-12, -4.34229867e-13,
         1.62870263e-10, -1.34936559e-10, -8.70833519e-16,
         8.82199452e-16,  1.41989014e-05, -1.00447042e-06,
        -5.38521640e-09,  3.79881261e-10],
       [ 0.00000000e+00, -1.54535592e-12, -4.34229867e-13,
         1.62870263e-10, -1.34936559e-10, -8.70833519e-16,
         8.82199452e-16,  1.41989014e-05, -1.00447042e-06,
        -5.38521640e-09,  3.79881261e-10],
       [ 0.00000000e+00, -1.54535592e-12, -4.34229867e-13,
         1.62870263e-10, -1.34936559e-10, -8.70833519e-16,
         8.82199452e-16,  1.41989014e-05, -1.00447042e-06,
        -5.38521640e-09,  3.79881261e-10],
       [ 0.00000000e+00, -1.54535592e-12, -4.34229867e-13,
         1.62870263e-10, -1.34936559e-10, -8.70833519e-16,
         8.82199452e-16,  1.41989014e-05, -1.00447042e-06,
        -5.38521640e-09,  3.79881261e-10],
       [ 0.00000000e+00, -1.54535592e-12, -4.34229867e-13,
         1.62870263e-10, -1.34936559e-10, -8.70833519e-16,
         8.82199452e-16,  1.41989014e-05, -1.00447042e-06,
        -5.38521640e-09,  3.79881261e-10],
       [ 0.00000000e+00, -1.54535592e-12, -4.34229867e-13,
         1.62870263e-10, -1.34936559e-10, -8.70833519e-16,
         8.82199452e-16,  1.41989014e-05, -1.00447042e-06,
        -5.38521640e-09,  3.79881261e-10],
       [ 0.00000000e+00, -1.54535592e-12, -4.34229867e-13,
         1.62870263e-10, -1.34936559e-10, -8.70833519e-16,
         8.82199452e-16,  1.41989014e-05, -1.00447042e-06,
        -5.38521640e-09,  3.79881261e-10],
       [ 0.00000000e+00, -1.54535592e-12, -4.34229867e-13,
         1.62870263e-10, -1.34936559e-10, -8.70833519e-16,
         8.82199452e-16,  1.41989014e-05, -1.00447042e-06,
        -5.38521640e-09,  3.79881261e-10],
       [ 0.00000000e+00, -1.54535592e-12, -4.34229867e-13,
         1.62870263e-10, -1.34936559e-10, -8.70833519e-16,
         8.82199452e-16,  1.41989014e-05, -1.00447042e-06,
        -5.38521640e-09,  3.79881261e-10]])
'---After mutation population: 0---'
array([[ 0.00000000e+00, -1.54535592e-12, -4.34229867e-13,
         1.62870263e-10, -1.34936559e-10, -8.70833519e-16,
         8.82199452e-16,  1.41989014e-05, -1.00447042e-06,
        -5.38521640e-09,  3.79881261e-10],
       [ 0.00000000e+00, -1.54535592e-12, -4.34229867e-13,
         1.62870263e-10, -1.34773489e-10, -8.70785226e-16,
         8.82199452e-16,  1.42062985e-05, -1.00543358e-06,
        -5.38521640e-09,  3.79881261e-10],
       [ 0.00000000e+00, -1.54733797e-12, -4.34089937e-13,
         1.62870263e-10, -1.34936559e-10, -8.73778364e-16,
         8.82199452e-16,  1.41800483e-05, -1.00447042e-06,
        -5.37561614e-09,  3.79881261e-10],
       [ 0.00000000e+00, -1.54535592e-12, -4.34229867e-13,
         1.62870263e-10, -1.35230837e-10, -8.70833519e-16,
         8.82199452e-16,  1.41989014e-05, -1.00447042e-06,
        -5.38270250e-09,  3.79485411e-10],
       [ 0.00000000e+00, -1.54535592e-12, -4.33940471e-13,
         1.63052821e-10, -1.35329628e-10, -8.70833519e-16,
         8.82199452e-16,  1.41837245e-05, -1.00447042e-06,
        -5.38521640e-09,  3.79881261e-10],
       [ 0.00000000e+00, -1.54535592e-12, -4.34229867e-13,
         1.62261567e-10, -1.35056063e-10, -8.70833519e-16,
         8.81017964e-16,  1.42304043e-05, -1.00447042e-06,
        -5.38712612e-09,  3.79881261e-10],
       [ 0.00000000e+00, -1.54387780e-12, -4.34163382e-13,
         1.62870263e-10, -1.34989997e-10, -8.76353299e-16,
         8.82199452e-16,  1.42525687e-05, -1.00793929e-06,
        -5.37203229e-09,  3.79881261e-10],
       [ 0.00000000e+00, -1.54535592e-12, -4.34169827e-13,
         1.62870263e-10, -1.34879419e-10, -8.66634245e-16,
         8.82199452e-16,  1.41989014e-05, -1.00447042e-06,
        -5.38371257e-09,  3.79881261e-10],
       [ 0.00000000e+00, -1.54535592e-12, -4.34229867e-13,
         1.63202104e-10, -1.34936559e-10, -8.70833519e-16,
         8.80265278e-16,  1.41989014e-05, -1.00447042e-06,
        -5.38521640e-09,  3.79003588e-10]])
'---After Selection population: 0---'
array([[ 0.00000000e+00, -1.54535592e-12, -4.34229867e-13,
         1.62870263e-10, -1.34936559e-10, -8.70833519e-16,
         8.82199452e-16,  1.41989014e-05, -1.00447042e-06,
        -5.38521640e-09,  3.79881261e-10],
       [ 0.00000000e+00, -1.54535592e-12, -4.34229867e-13,
         1.62870263e-10, -1.34773489e-10, -8.70785226e-16,
         8.82199452e-16,  1.42062985e-05, -1.00543358e-06,
        -5.38521640e-09,  3.79881261e-10],
       [ 0.00000000e+00, -1.54733797e-12, -4.34089937e-13,
         1.62870263e-10, -1.34936559e-10, -8.73778364e-16,
         8.82199452e-16,  1.41800483e-05, -1.00447042e-06,
        -5.37561614e-09,  3.79881261e-10],
       [ 0.00000000e+00, -1.54535592e-12, -4.34229867e-13,
         1.62870263e-10, -1.35230837e-10, -8.70833519e-16,
         8.82199452e-16,  1.41989014e-05, -1.00447042e-06,
        -5.38270250e-09,  3.79485411e-10],
       [ 0.00000000e+00, -1.54535592e-12, -4.33940471e-13,
         1.63052821e-10, -1.35329628e-10, -8.70833519e-16,
         8.82199452e-16,  1.41837245e-05, -1.00447042e-06,
        -5.38521640e-09,  3.79881261e-10],
       [ 0.00000000e+00, -1.54535592e-12, -4.34229867e-13,
         1.62261567e-10, -1.35056063e-10, -8.70833519e-16,
         8.81017964e-16,  1.42304043e-05, -1.00447042e-06,
        -5.38712612e-09,  3.79881261e-10],
       [ 0.00000000e+00, -1.54387780e-12, -4.34163382e-13,
         1.62870263e-10, -1.34989997e-10, -8.76353299e-16,
         8.82199452e-16,  1.42525687e-05, -1.00793929e-06,
        -5.37203229e-09,  3.79881261e-10],
       [ 0.00000000e+00, -1.54535592e-12, -4.34169827e-13,
         1.62870263e-10, -1.34879419e-10, -8.66634245e-16,
         8.82199452e-16,  1.41989014e-05, -1.00447042e-06,
        -5.38371257e-09,  3.79881261e-10],
       [ 0.00000000e+00, -1.54535592e-12, -4.34229867e-13,
         1.63202104e-10, -1.34936559e-10, -8.70833519e-16,
         8.80265278e-16,  1.41989014e-05, -1.00447042e-06,
        -5.38521640e-09,  3.79003588e-10]])
'-----------GENERATION: 1--------------'
array([[ 0.00000000e+00, -1.54535592e-12, -4.34169827e-13,
         1.62870263e-10, -1.34879419e-10, -8.66634245e-16,
         8.82199452e-16,  1.41989014e-05, -1.00447042e-06,
        -5.38371257e-09,  3.79881261e-10],
       [ 0.00000000e+00, -1.54535592e-12, -4.34229867e-13,
         1.62261567e-10, -1.35056063e-10, -8.70833519e-16,
         8.81017964e-16,  1.42304043e-05, -1.00447042e-06,
        -5.38712612e-09,  3.79881261e-10],
       [ 0.00000000e+00, -1.54535592e-12, -4.34229867e-13,
         1.62870263e-10, -1.34936559e-10, -8.70833519e-16,
         8.82199452e-16,  1.41989014e-05, -1.00447042e-06,
        -5.38521640e-09,  3.79881261e-10],
       [ 0.00000000e+00, -1.54733797e-12, -4.34089937e-13,
         1.62870263e-10, -1.34936559e-10, -8.73778364e-16,
         8.82199452e-16,  1.41800483e-05, -1.00447042e-06,
        -5.37561614e-09,  3.79881261e-10],
       [ 0.00000000e+00, -1.54535592e-12, -4.33940471e-13,
         1.63052821e-10, -1.35329628e-10, -8.70833519e-16,
         8.82199452e-16,  1.41837245e-05, -1.00447042e-06,
        -5.38521640e-09,  3.79881261e-10],
       [ 0.00000000e+00, -1.54535592e-12, -4.34229867e-13,
         1.62870263e-10, -1.34773489e-10, -8.70785226e-16,
         8.82199452e-16,  1.42062985e-05, -1.00543358e-06,
        -5.38521640e-09,  3.79881261e-10],
       [ 0.00000000e+00, -1.54535592e-12, -4.34229867e-13,
         1.62870263e-10, -1.35230837e-10, -8.70833519e-16,
         8.82199452e-16,  1.41989014e-05, -1.00447042e-06,
        -5.38270250e-09,  3.79485411e-10],
       [ 0.00000000e+00, -1.54387780e-12, -4.34163382e-13,
         1.62870263e-10, -1.34989997e-10, -8.76353299e-16,
         8.82199452e-16,  1.42525687e-05, -1.00793929e-06,
        -5.37203229e-09,  3.79881261e-10],
       [ 0.00000000e+00, -1.54535592e-12, -4.34229867e-13,
         1.63202104e-10, -1.34936559e-10, -8.70833519e-16,
         8.80265278e-16,  1.41989014e-05, -1.00447042e-06,
        -5.38521640e-09,  3.79003588e-10]])
'---Train Fitness: 1---'
array([2.13192559e+11, 2.13339427e+11, 2.15133189e+11, 2.15853877e+11,
       2.16186292e+11, 2.17877203e+11, 2.18314646e+11, 2.23210992e+11,
       2.23434988e+11])
'---Test Fitness: 1---'
array([2.39506281e+11, 2.42335007e+11, 2.39584209e+11, 2.39751105e+11,
       2.38133588e+11, 2.36380293e+11, 2.37035971e+11, 2.33764584e+11,
       2.33363640e+11])
'---After crossover population: 1---'
array([[ 0.00000000e+00, -1.54535592e-12, -4.34169827e-13,
         1.62870263e-10, -1.34879419e-10, -8.66634245e-16,
         8.82199452e-16,  1.41989014e-05, -1.00447042e-06,
        -5.38371257e-09,  3.79881261e-10],
       [ 0.00000000e+00, -1.54709022e-12, -4.34071254e-13,
         1.62893083e-10, -1.34985693e-10, -8.73410259e-16,
         8.82199452e-16,  1.41805078e-05, -1.00447042e-06,
        -5.37681617e-09,  3.79881261e-10],
       [ 0.00000000e+00, -1.54560368e-12, -4.33959154e-13,
         1.63030001e-10, -1.35280495e-10, -8.71201624e-16,
         8.82199452e-16,  1.41832649e-05, -1.00447042e-06,
        -5.38401637e-09,  3.79881261e-10],
       [ 0.00000000e+00, -1.54709022e-12, -4.34071254e-13,
         1.62893083e-10, -1.34985693e-10, -8.73410259e-16,
         8.82199452e-16,  1.41805078e-05, -1.00447042e-06,
        -5.37681617e-09,  3.79881261e-10],
       [ 0.00000000e+00, -1.54560368e-12, -4.33959154e-13,
         1.63030001e-10, -1.35280495e-10, -8.71201624e-16,
         8.82199452e-16,  1.41832649e-05, -1.00447042e-06,
        -5.38401637e-09,  3.79881261e-10],
       [ 0.00000000e+00, -1.54560368e-12, -4.34212376e-13,
         1.62870263e-10, -1.34793873e-10, -8.71159368e-16,
         8.82199452e-16,  1.42030173e-05, -1.00531319e-06,
        -5.38401637e-09,  3.79881261e-10],
       [ 0.00000000e+00, -1.54709022e-12, -4.34107429e-13,
         1.62870263e-10, -1.34916175e-10, -8.73404222e-16,
         8.82199452e-16,  1.41833296e-05, -1.00459081e-06,
        -5.37681617e-09,  3.79881261e-10],
       [ 0.00000000e+00, -1.54535592e-12, -4.34229867e-13,
         1.62870263e-10, -1.35173668e-10, -8.70827482e-16,
         8.82199452e-16,  1.41998260e-05, -1.00459081e-06,
        -5.38301673e-09,  3.79534893e-10],
       [ 0.00000000e+00, -1.54535592e-12, -4.34229867e-13,
         1.62870263e-10, -1.34830658e-10, -8.70791262e-16,
         8.82199452e-16,  1.42053739e-05, -1.00531319e-06,
        -5.38490216e-09,  3.79831780e-10]])
'---After mutation population: 1---'
array([[ 0.00000000e+00, -1.54535592e-12, -4.34169827e-13,
         1.62870263e-10, -1.34879419e-10, -8.66634245e-16,
         8.82199452e-16,  1.41989014e-05, -1.00447042e-06,
        -5.38371257e-09,  3.79881261e-10],
       [ 0.00000000e+00, -1.54709022e-12, -4.33046575e-13,
         1.63243993e-10, -1.34826430e-10, -8.73306871e-16,
         8.84166823e-16,  1.41805078e-05, -1.00447042e-06,
        -5.36631828e-09,  3.79881261e-10],
       [ 0.00000000e+00, -1.54224997e-12, -4.33959154e-13,
         1.63358378e-10, -1.35376950e-10, -8.71201624e-16,
         8.82199452e-16,  1.41832649e-05, -1.00447042e-06,
        -5.38401637e-09,  3.80343326e-10],
       [ 0.00000000e+00, -1.54930337e-12, -4.32989357e-13,
         1.62893083e-10, -1.34985693e-10, -8.73410259e-16,
         8.80185142e-16,  1.41805078e-05, -1.00447042e-06,
        -5.37032420e-09,  3.79844706e-10],
       [ 0.00000000e+00, -1.55019655e-12, -4.33959154e-13,
         1.63030001e-10, -1.35280495e-10, -8.71201624e-16,
         8.82199452e-16,  1.41832649e-05, -1.00758437e-06,
        -5.38295594e-09,  3.79881261e-10],
       [ 0.00000000e+00, -1.54560368e-12, -4.34212376e-13,
         1.63008481e-10, -1.34776767e-10, -8.70266746e-16,
         8.82199452e-16,  1.42030173e-05, -1.00531319e-06,
        -5.39492243e-09,  3.79409906e-10],
       [ 0.00000000e+00, -1.54709022e-12, -4.34175909e-13,
         1.62418483e-10, -1.34916175e-10, -8.73404222e-16,
         8.82199452e-16,  1.41850006e-05, -1.00574617e-06,
        -5.37681617e-09,  3.79881261e-10],
       [ 0.00000000e+00, -1.54880766e-12, -4.33980752e-13,
         1.62901142e-10, -1.35173668e-10, -8.70827482e-16,
         8.83012627e-16,  1.41998260e-05, -1.00058664e-06,
        -5.40510162e-09,  3.79245516e-10],
       [ 0.00000000e+00, -1.54535592e-12, -4.35811590e-13,
         1.63011421e-10, -1.34830658e-10, -8.69772870e-16,
         8.82199452e-16,  1.42053739e-05, -1.00531319e-06,
        -5.38490216e-09,  3.80050786e-10]])
'---After Selection population: 1---'
array([[ 0.00000000e+00, -1.54535592e-12, -4.34169827e-13,
         1.62870263e-10, -1.34879419e-10, -8.66634245e-16,
         8.82199452e-16,  1.41989014e-05, -1.00447042e-06,
        -5.38371257e-09,  3.79881261e-10],
       [ 0.00000000e+00, -1.54709022e-12, -4.33046575e-13,
         1.63243993e-10, -1.34826430e-10, -8.73306871e-16,
         8.84166823e-16,  1.41805078e-05, -1.00447042e-06,
        -5.36631828e-09,  3.79881261e-10],
       [ 0.00000000e+00, -1.54224997e-12, -4.33959154e-13,
         1.63358378e-10, -1.35376950e-10, -8.71201624e-16,
         8.82199452e-16,  1.41832649e-05, -1.00447042e-06,
        -5.38401637e-09,  3.80343326e-10],
       [ 0.00000000e+00, -1.54930337e-12, -4.32989357e-13,
         1.62893083e-10, -1.34985693e-10, -8.73410259e-16,
         8.80185142e-16,  1.41805078e-05, -1.00447042e-06,
        -5.37032420e-09,  3.79844706e-10],
       [ 0.00000000e+00, -1.55019655e-12, -4.33959154e-13,
         1.63030001e-10, -1.35280495e-10, -8.71201624e-16,
         8.82199452e-16,  1.41832649e-05, -1.00758437e-06,
        -5.38295594e-09,  3.79881261e-10],
       [ 0.00000000e+00, -1.54560368e-12, -4.34212376e-13,
         1.63008481e-10, -1.34776767e-10, -8.70266746e-16,
         8.82199452e-16,  1.42030173e-05, -1.00531319e-06,
        -5.39492243e-09,  3.79409906e-10],
       [ 0.00000000e+00, -1.54709022e-12, -4.34175909e-13,
         1.62418483e-10, -1.34916175e-10, -8.73404222e-16,
         8.82199452e-16,  1.41850006e-05, -1.00574617e-06,
        -5.37681617e-09,  3.79881261e-10],
       [ 0.00000000e+00, -1.54880766e-12, -4.33980752e-13,
         1.62901142e-10, -1.35173668e-10, -8.70827482e-16,
         8.83012627e-16,  1.41998260e-05, -1.00058664e-06,
        -5.40510162e-09,  3.79245516e-10],
       [ 0.00000000e+00, -1.54535592e-12, -4.35811590e-13,
         1.63011421e-10, -1.34830658e-10, -8.69772870e-16,
         8.82199452e-16,  1.42053739e-05, -1.00531319e-06,
        -5.38490216e-09,  3.80050786e-10]])
'-----------GENERATION: 2--------------'
array([[ 0.00000000e+00, -1.54880766e-12, -4.33980752e-13,
         1.62901142e-10, -1.35173668e-10, -8.70827482e-16,
         8.83012627e-16,  1.41998260e-05, -1.00058664e-06,
        -5.40510162e-09,  3.79245516e-10],
       [ 0.00000000e+00, -1.54224997e-12, -4.33959154e-13,
         1.63358378e-10, -1.35376950e-10, -8.71201624e-16,
         8.82199452e-16,  1.41832649e-05, -1.00447042e-06,
        -5.38401637e-09,  3.80343326e-10],
       [ 0.00000000e+00, -1.54535592e-12, -4.34169827e-13,
         1.62870263e-10, -1.34879419e-10, -8.66634245e-16,
         8.82199452e-16,  1.41989014e-05, -1.00447042e-06,
        -5.38371257e-09,  3.79881261e-10],
       [ 0.00000000e+00, -1.54709022e-12, -4.33046575e-13,
         1.63243993e-10, -1.34826430e-10, -8.73306871e-16,
         8.84166823e-16,  1.41805078e-05, -1.00447042e-06,
        -5.36631828e-09,  3.79881261e-10],
       [ 0.00000000e+00, -1.54930337e-12, -4.32989357e-13,
         1.62893083e-10, -1.34985693e-10, -8.73410259e-16,
         8.80185142e-16,  1.41805078e-05, -1.00447042e-06,
        -5.37032420e-09,  3.79844706e-10],
       [ 0.00000000e+00, -1.54535592e-12, -4.35811590e-13,
         1.63011421e-10, -1.34830658e-10, -8.69772870e-16,
         8.82199452e-16,  1.42053739e-05, -1.00531319e-06,
        -5.38490216e-09,  3.80050786e-10],
       [ 0.00000000e+00, -1.54709022e-12, -4.34175909e-13,
         1.62418483e-10, -1.34916175e-10, -8.73404222e-16,
         8.82199452e-16,  1.41850006e-05, -1.00574617e-06,
        -5.37681617e-09,  3.79881261e-10],
       [ 0.00000000e+00, -1.54560368e-12, -4.34212376e-13,
         1.63008481e-10, -1.34776767e-10, -8.70266746e-16,
         8.82199452e-16,  1.42030173e-05, -1.00531319e-06,
        -5.39492243e-09,  3.79409906e-10],
       [ 0.00000000e+00, -1.55019655e-12, -4.33959154e-13,
         1.63030001e-10, -1.35280495e-10, -8.71201624e-16,
         8.82199452e-16,  1.41832649e-05, -1.00758437e-06,
        -5.38295594e-09,  3.79881261e-10]])
'---Train Fitness: 2---'
array([2.11677234e+11, 2.12004893e+11, 2.13192559e+11, 2.13946900e+11,
       2.15039773e+11, 2.15491881e+11, 2.19984882e+11, 2.23915726e+11,
       2.27267050e+11])
'---Test Fitness: 2---'
array([2.47654518e+11, 2.42044167e+11, 2.39506281e+11, 2.41462604e+11,
       2.40435900e+11, 2.37998935e+11, 2.34915263e+11, 2.31806283e+11,
       2.27313751e+11])
'---After crossover population: 2---'
array([[ 0.00000000e+00, -1.54880766e-12, -4.33980752e-13,
         1.62901142e-10, -1.35173668e-10, -8.70827482e-16,
         8.83012627e-16,  1.41998260e-05, -1.00058664e-06,
        -5.40510162e-09,  3.79245516e-10],
       [ 0.00000000e+00, -1.54886963e-12, -4.33856828e-13,
         1.62900134e-10, -1.35150171e-10, -8.71150329e-16,
         8.82659191e-16,  1.41974113e-05, -1.00107211e-06,
        -5.40075445e-09,  3.79320415e-10],
       [ 0.00000000e+00, -1.54924141e-12, -4.33113281e-13,
         1.62894090e-10, -1.35009190e-10, -8.73087412e-16,
         8.80538577e-16,  1.41829226e-05, -1.00398495e-06,
        -5.37467138e-09,  3.79769807e-10],
       [ 0.00000000e+00, -1.54496768e-12, -4.35580036e-13,
         1.63054791e-10, -1.34898944e-10, -8.69951464e-16,
         8.82199452e-16,  1.42026103e-05, -1.00520784e-06,
        -5.38479144e-09,  3.80087353e-10],
       [ 0.00000000e+00, -1.54263821e-12, -4.34190709e-13,
         1.63315009e-10, -1.35308664e-10, -8.71023030e-16,
         8.82199452e-16,  1.41860286e-05, -1.00457576e-06,
        -5.38412709e-09,  3.80306758e-10],
       [ 0.00000000e+00, -1.54902673e-12, -4.32996509e-13,
         1.62936947e-10, -1.34965785e-10, -8.73397335e-16,
         8.80682852e-16,  1.41805078e-05, -1.00447042e-06,
        -5.36982346e-09,  3.79849276e-10],
       [ 0.00000000e+00, -1.54736686e-12, -4.33039423e-13,
         1.63200129e-10, -1.34846338e-10, -8.73319794e-16,
         8.83669113e-16,  1.41805078e-05, -1.00447042e-06,
        -5.36681902e-09,  3.79876692e-10],
       [ 0.00000000e+00, -1.54902673e-12, -4.33137676e-13,
         1.62833758e-10, -1.34977003e-10, -8.73409504e-16,
         8.80436931e-16,  1.41810694e-05, -1.00462989e-06,
        -5.37113570e-09,  3.79849276e-10],
       [ 0.00000000e+00, -1.54736686e-12, -4.34027590e-13,
         1.62477808e-10, -1.34924865e-10, -8.73404977e-16,
         8.81947663e-16,  1.41844390e-05, -1.00558670e-06,
        -5.37600468e-09,  3.79876692e-10]])
'---After mutation population: 2---'
array([[ 0.00000000e+00, -1.54880766e-12, -4.33980752e-13,
         1.62901142e-10, -1.35173668e-10, -8.70827482e-16,
         8.83012627e-16,  1.41998260e-05, -1.00058664e-06,
        -5.40510162e-09,  3.79245516e-10],
       [ 0.00000000e+00, -1.55033956e-12, -4.33856828e-13,
         1.62900134e-10, -1.35150171e-10, -8.74121732e-16,
         8.82659191e-16,  1.41974113e-05, -1.00158048e-06,
        -5.40075445e-09,  3.78644360e-10],
       [ 0.00000000e+00, -1.54924141e-12, -4.33587016e-13,
         1.62187614e-10, -1.35009190e-10, -8.73087412e-16,
         8.80828317e-16,  1.42070081e-05, -1.00398495e-06,
        -5.37467138e-09,  3.79769807e-10],
       [ 0.00000000e+00, -1.54496768e-12, -4.36151495e-13,
         1.63054791e-10, -1.34554810e-10, -8.69951464e-16,
         8.82199452e-16,  1.42377827e-05, -1.00520784e-06,
        -5.38479144e-09,  3.80087353e-10],
       [ 0.00000000e+00, -1.54239613e-12, -4.34190709e-13,
         1.63486740e-10, -1.35308664e-10, -8.71023030e-16,
         8.82545401e-16,  1.41759706e-05, -1.00457576e-06,
        -5.37025719e-09,  3.80306758e-10],
       [ 0.00000000e+00, -1.54902673e-12, -4.33207982e-13,
         1.62936947e-10, -1.34748282e-10, -8.73397335e-16,
         8.80682852e-16,  1.42031148e-05, -1.00339023e-06,
        -5.38234194e-09,  3.81205708e-10],
       [ 0.00000000e+00, -1.54895850e-12, -4.32972765e-13,
         1.63200129e-10, -1.34857479e-10, -8.77994573e-16,
         8.83544632e-16,  1.41805078e-05, -1.00274376e-06,
        -5.36681902e-09,  3.79876692e-10],
       [ 0.00000000e+00, -1.54902673e-12, -4.33137676e-13,
         1.62960659e-10, -1.35221589e-10, -8.76736228e-16,
         8.78500980e-16,  1.42049390e-05, -1.00648701e-06,
        -5.37113570e-09,  3.79504575e-10],
       [ 0.00000000e+00, -1.54403507e-12, -4.34027590e-13,
         1.62477808e-10, -1.34868483e-10, -8.73404977e-16,
         8.84407045e-16,  1.41844390e-05, -1.00759273e-06,
        -5.37600468e-09,  3.80091016e-10]])
'---After Selection population: 2---'
array([[ 0.00000000e+00, -1.54880766e-12, -4.33980752e-13,
         1.62901142e-10, -1.35173668e-10, -8.70827482e-16,
         8.83012627e-16,  1.41998260e-05, -1.00058664e-06,
        -5.40510162e-09,  3.79245516e-10],
       [ 0.00000000e+00, -1.55033956e-12, -4.33856828e-13,
         1.62900134e-10, -1.35150171e-10, -8.74121732e-16,
         8.82659191e-16,  1.41974113e-05, -1.00158048e-06,
        -5.40075445e-09,  3.78644360e-10],
       [ 0.00000000e+00, -1.54924141e-12, -4.33587016e-13,
         1.62187614e-10, -1.35009190e-10, -8.73087412e-16,
         8.80828317e-16,  1.42070081e-05, -1.00398495e-06,
        -5.37467138e-09,  3.79769807e-10],
       [ 0.00000000e+00, -1.54496768e-12, -4.36151495e-13,
         1.63054791e-10, -1.34554810e-10, -8.69951464e-16,
         8.82199452e-16,  1.42377827e-05, -1.00520784e-06,
        -5.38479144e-09,  3.80087353e-10],
       [ 0.00000000e+00, -1.54239613e-12, -4.34190709e-13,
         1.63486740e-10, -1.35308664e-10, -8.71023030e-16,
         8.82545401e-16,  1.41759706e-05, -1.00457576e-06,
        -5.37025719e-09,  3.80306758e-10],
       [ 0.00000000e+00, -1.54902673e-12, -4.33207982e-13,
         1.62936947e-10, -1.34748282e-10, -8.73397335e-16,
         8.80682852e-16,  1.42031148e-05, -1.00339023e-06,
        -5.38234194e-09,  3.81205708e-10],
       [ 0.00000000e+00, -1.54895850e-12, -4.32972765e-13,
         1.63200129e-10, -1.34857479e-10, -8.77994573e-16,
         8.83544632e-16,  1.41805078e-05, -1.00274376e-06,
        -5.36681902e-09,  3.79876692e-10],
       [ 0.00000000e+00, -1.54902673e-12, -4.33137676e-13,
         1.62960659e-10, -1.35221589e-10, -8.76736228e-16,
         8.78500980e-16,  1.42049390e-05, -1.00648701e-06,
        -5.37113570e-09,  3.79504575e-10],
       [ 0.00000000e+00, -1.54403507e-12, -4.34027590e-13,
         1.62477808e-10, -1.34868483e-10, -8.73404977e-16,
         8.84407045e-16,  1.41844390e-05, -1.00759273e-06,
        -5.37600468e-09,  3.80091016e-10]])
'-----------GENERATION: 3--------------'
array([[ 0.00000000e+00, -1.54902673e-12, -4.33207982e-13,
         1.62936947e-10, -1.34748282e-10, -8.73397335e-16,
         8.80682852e-16,  1.42031148e-05, -1.00339023e-06,
        -5.38234194e-09,  3.81205708e-10],
       [ 0.00000000e+00, -1.54895850e-12, -4.32972765e-13,
         1.63200129e-10, -1.34857479e-10, -8.77994573e-16,
         8.83544632e-16,  1.41805078e-05, -1.00274376e-06,
        -5.36681902e-09,  3.79876692e-10],
       [ 0.00000000e+00, -1.54239613e-12, -4.34190709e-13,
         1.63486740e-10, -1.35308664e-10, -8.71023030e-16,
         8.82545401e-16,  1.41759706e-05, -1.00457576e-06,
        -5.37025719e-09,  3.80306758e-10],
       [ 0.00000000e+00, -1.54880766e-12, -4.33980752e-13,
         1.62901142e-10, -1.35173668e-10, -8.70827482e-16,
         8.83012627e-16,  1.41998260e-05, -1.00058664e-06,
        -5.40510162e-09,  3.79245516e-10],
       [ 0.00000000e+00, -1.54496768e-12, -4.36151495e-13,
         1.63054791e-10, -1.34554810e-10, -8.69951464e-16,
         8.82199452e-16,  1.42377827e-05, -1.00520784e-06,
        -5.38479144e-09,  3.80087353e-10],
       [ 0.00000000e+00, -1.54924141e-12, -4.33587016e-13,
         1.62187614e-10, -1.35009190e-10, -8.73087412e-16,
         8.80828317e-16,  1.42070081e-05, -1.00398495e-06,
        -5.37467138e-09,  3.79769807e-10],
       [ 0.00000000e+00, -1.55033956e-12, -4.33856828e-13,
         1.62900134e-10, -1.35150171e-10, -8.74121732e-16,
         8.82659191e-16,  1.41974113e-05, -1.00158048e-06,
        -5.40075445e-09,  3.78644360e-10],
       [ 0.00000000e+00, -1.54403507e-12, -4.34027590e-13,
         1.62477808e-10, -1.34868483e-10, -8.73404977e-16,
         8.84407045e-16,  1.41844390e-05, -1.00759273e-06,
        -5.37600468e-09,  3.80091016e-10],
       [ 0.00000000e+00, -1.54902673e-12, -4.33137676e-13,
         1.62960659e-10, -1.35221589e-10, -8.76736228e-16,
         8.78500980e-16,  1.42049390e-05, -1.00648701e-06,
        -5.37113570e-09,  3.79504575e-10]])
'---Train Fitness: 3---'
array([2.01223092e+11, 2.10438885e+11, 2.10657621e+11, 2.11677234e+11,
       2.12658148e+11, 2.12984607e+11, 2.21033623e+11, 2.24576741e+11,
       2.25156725e+11])
'---Test Fitness: 3---'
array([2.58530760e+11, 2.49506012e+11, 2.43183597e+11, 2.47654518e+11,
       2.41940810e+11, 2.43724022e+11, 2.39414814e+11, 2.29775789e+11,
       2.32727425e+11])
'---After crossover population: 3---'
array([[ 0.00000000e+00, -1.54902673e-12, -4.33207982e-13,
         1.62936947e-10, -1.34748282e-10, -8.73397335e-16,
         8.80682852e-16,  1.42031148e-05, -1.00339023e-06,
        -5.38234194e-09,  3.81205708e-10],
       [ 0.00000000e+00, -1.54845965e-12, -4.33370106e-13,
         1.63181962e-10, -1.34819646e-10, -8.76989184e-16,
         8.83376485e-16,  1.41876672e-05, -1.00305177e-06,
        -5.36906557e-09,  3.79903024e-10],
       [ 0.00000000e+00, -1.54546653e-12, -4.35754153e-13,
         1.63072958e-10, -1.34592644e-10, -8.70956853e-16,
         8.82367600e-16,  1.42306233e-05, -1.00489983e-06,
        -5.38254488e-09,  3.80061020e-10],
       [ 0.00000000e+00, -1.54893965e-12, -4.33098763e-13,
         1.63162756e-10, -1.34897003e-10, -8.77098686e-16,
         8.83478132e-16,  1.41829226e-05, -1.00247412e-06,
        -5.37160435e-09,  3.79797795e-10],
       [ 0.00000000e+00, -1.54882652e-12, -4.33854754e-13,
         1.62938515e-10, -1.35134145e-10, -8.71723368e-16,
         8.83079128e-16,  1.41974113e-05, -1.00085628e-06,
        -5.40031630e-09,  3.79324413e-10],
       [ 0.00000000e+00, -1.54851935e-12, -4.33575921e-13,
         1.62951677e-10, -1.34724098e-10, -8.72966601e-16,
         8.80872427e-16,  1.42074483e-05, -1.00361743e-06,
        -5.38264813e-09,  3.81065914e-10],
       [ 0.00000000e+00, -1.54547506e-12, -4.35783556e-13,
         1.63040060e-10, -1.34578994e-10, -8.70382198e-16,
         8.82009877e-16,  1.42334492e-05, -1.00498064e-06,
        -5.38448525e-09,  3.80227147e-10],
       [ 0.00000000e+00, -1.54899934e-12, -4.33304578e-13,
         1.62932471e-10, -1.34801455e-10, -8.73076103e-16,
         8.80974074e-16,  1.42027037e-05, -1.00303978e-06,
        -5.38518690e-09,  3.80960684e-10],
       [ 0.00000000e+00, -1.54883505e-12, -4.33884156e-13,
         1.62905617e-10, -1.35120495e-10, -8.71148714e-16,
         8.82721405e-16,  1.42002371e-05, -1.00093709e-06,
        -5.40225666e-09,  3.79490540e-10]])
'---After mutation population: 3---'
array([[ 0.00000000e+00, -1.54902673e-12, -4.33207982e-13,
         1.62936947e-10, -1.34748282e-10, -8.73397335e-16,
         8.80682852e-16,  1.42031148e-05, -1.00339023e-06,
        -5.38234194e-09,  3.81205708e-10],
       [ 0.00000000e+00, -1.55189673e-12, -4.33370106e-13,
         1.63083831e-10, -1.34819646e-10, -8.76989184e-16,
         8.83376485e-16,  1.41876672e-05, -1.00305177e-06,
        -5.36906557e-09,  3.80869385e-10],
       [ 0.00000000e+00, -1.54546653e-12, -4.36014627e-13,
         1.63072958e-10, -1.34592644e-10, -8.70701627e-16,
         8.82367600e-16,  1.42669356e-05, -1.00645294e-06,
        -5.38254488e-09,  3.80061020e-10],
       [ 0.00000000e+00, -1.54893965e-12, -4.34130086e-13,
         1.63162756e-10, -1.34267267e-10, -8.77098686e-16,
         8.83478132e-16,  1.41829226e-05, -1.00062367e-06,
        -5.37160435e-09,  3.79797795e-10],
       [ 0.00000000e+00, -1.54882652e-12, -4.33854754e-13,
         1.62550361e-10, -1.35134145e-10, -8.71723368e-16,
         8.84457980e-16,  1.41786492e-05, -9.98382947e-07,
        -5.40031630e-09,  3.78355663e-10],
       [ 0.00000000e+00, -1.54527995e-12, -4.34092101e-13,
         1.62899299e-10, -1.34724098e-10, -8.72966601e-16,
         8.80872427e-16,  1.41769226e-05, -1.00302573e-06,
        -5.38264813e-09,  3.81067660e-10],
       [ 0.00000000e+00, -1.54971833e-12, -4.35131177e-13,
         1.63040060e-10, -1.34578994e-10, -8.70382198e-16,
         8.82009877e-16,  1.42293797e-05, -1.00498064e-06,
        -5.38448525e-09,  3.80227147e-10],
       [ 0.00000000e+00, -1.55096830e-12, -4.33304578e-13,
         1.62932471e-10, -1.34899670e-10, -8.70199989e-16,
         8.82462580e-16,  1.41765739e-05, -1.00303978e-06,
        -5.38518690e-09,  3.80960684e-10],
       [ 0.00000000e+00, -1.54883505e-12, -4.33884156e-13,
         1.63199918e-10, -1.34804197e-10, -8.72688000e-16,
         8.82721405e-16,  1.42166450e-05, -1.00093709e-06,
        -5.39830754e-09,  3.79490540e-10]])
'---After Selection population: 3---'
array([[ 0.00000000e+00, -1.54902673e-12, -4.33207982e-13,
         1.62936947e-10, -1.34748282e-10, -8.73397335e-16,
         8.80682852e-16,  1.42031148e-05, -1.00339023e-06,
        -5.38234194e-09,  3.81205708e-10],
       [ 0.00000000e+00, -1.55189673e-12, -4.33370106e-13,
         1.63083831e-10, -1.34819646e-10, -8.76989184e-16,
         8.83376485e-16,  1.41876672e-05, -1.00305177e-06,
        -5.36906557e-09,  3.80869385e-10],
       [ 0.00000000e+00, -1.54546653e-12, -4.36014627e-13,
         1.63072958e-10, -1.34592644e-10, -8.70701627e-16,
         8.82367600e-16,  1.42669356e-05, -1.00645294e-06,
        -5.38254488e-09,  3.80061020e-10],
       [ 0.00000000e+00, -1.54893965e-12, -4.34130086e-13,
         1.63162756e-10, -1.34267267e-10, -8.77098686e-16,
         8.83478132e-16,  1.41829226e-05, -1.00062367e-06,
        -5.37160435e-09,  3.79797795e-10],
       [ 0.00000000e+00, -1.54882652e-12, -4.33854754e-13,
         1.62550361e-10, -1.35134145e-10, -8.71723368e-16,
         8.84457980e-16,  1.41786492e-05, -9.98382947e-07,
        -5.40031630e-09,  3.78355663e-10],
       [ 0.00000000e+00, -1.54527995e-12, -4.34092101e-13,
         1.62899299e-10, -1.34724098e-10, -8.72966601e-16,
         8.80872427e-16,  1.41769226e-05, -1.00302573e-06,
        -5.38264813e-09,  3.81067660e-10],
       [ 0.00000000e+00, -1.54971833e-12, -4.35131177e-13,
         1.63040060e-10, -1.34578994e-10, -8.70382198e-16,
         8.82009877e-16,  1.42293797e-05, -1.00498064e-06,
        -5.38448525e-09,  3.80227147e-10],
       [ 0.00000000e+00, -1.55096830e-12, -4.33304578e-13,
         1.62932471e-10, -1.34899670e-10, -8.70199989e-16,
         8.82462580e-16,  1.41765739e-05, -1.00303978e-06,
        -5.38518690e-09,  3.80960684e-10],
       [ 0.00000000e+00, -1.54883505e-12, -4.33884156e-13,
         1.63199918e-10, -1.34804197e-10, -8.72688000e-16,
         8.82721405e-16,  1.42166450e-05, -1.00093709e-06,
        -5.39830754e-09,  3.79490540e-10]])
'-----------GENERATION: 4--------------'
array([[ 0.00000000e+00, -1.54902673e-12, -4.33207982e-13,
         1.62936947e-10, -1.34748282e-10, -8.73397335e-16,
         8.80682852e-16,  1.42031148e-05, -1.00339023e-06,
        -5.38234194e-09,  3.81205708e-10],
       [ 0.00000000e+00, -1.54527995e-12, -4.34092101e-13,
         1.62899299e-10, -1.34724098e-10, -8.72966601e-16,
         8.80872427e-16,  1.41769226e-05, -1.00302573e-06,
        -5.38264813e-09,  3.81067660e-10],
       [ 0.00000000e+00, -1.55096830e-12, -4.33304578e-13,
         1.62932471e-10, -1.34899670e-10, -8.70199989e-16,
         8.82462580e-16,  1.41765739e-05, -1.00303978e-06,
        -5.38518690e-09,  3.80960684e-10],
       [ 0.00000000e+00, -1.55189673e-12, -4.33370106e-13,
         1.63083831e-10, -1.34819646e-10, -8.76989184e-16,
         8.83376485e-16,  1.41876672e-05, -1.00305177e-06,
        -5.36906557e-09,  3.80869385e-10],
       [ 0.00000000e+00, -1.54893965e-12, -4.34130086e-13,
         1.63162756e-10, -1.34267267e-10, -8.77098686e-16,
         8.83478132e-16,  1.41829226e-05, -1.00062367e-06,
        -5.37160435e-09,  3.79797795e-10],
       [ 0.00000000e+00, -1.54883505e-12, -4.33884156e-13,
         1.63199918e-10, -1.34804197e-10, -8.72688000e-16,
         8.82721405e-16,  1.42166450e-05, -1.00093709e-06,
        -5.39830754e-09,  3.79490540e-10],
       [ 0.00000000e+00, -1.54971833e-12, -4.35131177e-13,
         1.63040060e-10, -1.34578994e-10, -8.70382198e-16,
         8.82009877e-16,  1.42293797e-05, -1.00498064e-06,
        -5.38448525e-09,  3.80227147e-10],
       [ 0.00000000e+00, -1.54882652e-12, -4.33854754e-13,
         1.62550361e-10, -1.35134145e-10, -8.71723368e-16,
         8.84457980e-16,  1.41786492e-05, -9.98382947e-07,
        -5.40031630e-09,  3.78355663e-10],
       [ 0.00000000e+00, -1.54546653e-12, -4.36014627e-13,
         1.63072958e-10, -1.34592644e-10, -8.70701627e-16,
         8.82367600e-16,  1.42669356e-05, -1.00645294e-06,
        -5.38254488e-09,  3.80061020e-10]])
'---Train Fitness: 4---'
array([2.01223092e+11, 2.02632683e+11, 2.02896444e+11, 2.02980798e+11,
       2.05229558e+11, 2.09200087e+11, 2.11373477e+11, 2.13309731e+11,
       2.14924178e+11])
'---Test Fitness: 4---'
array([2.58530760e+11, 2.55707628e+11, 2.53763463e+11, 2.58157069e+11,
       2.58643126e+11, 2.51618912e+11, 2.43359733e+11, 2.48730921e+11,
       2.39767997e+11])
'---After crossover population: 4---'
array([[ 0.00000000e+00, -1.54902673e-12, -4.33207982e-13,
         1.62936947e-10, -1.34748282e-10, -8.73397335e-16,
         8.80682852e-16,  1.42031148e-05, -1.00339023e-06,
        -5.38234194e-09,  3.81205708e-10],
       [ 0.00000000e+00, -1.55070058e-12, -4.33373350e-13,
         1.62884707e-10, -1.34928979e-10, -8.70390412e-16,
         8.82712005e-16,  1.41768333e-05, -1.00245768e-06,
        -5.38707808e-09,  3.80635057e-10],
       [ 0.00000000e+00, -1.54909424e-12, -4.33785982e-13,
         1.62598125e-10, -1.35104835e-10, -8.71532946e-16,
         8.84208555e-16,  1.41783898e-05, -9.98965051e-07,
        -5.39842512e-09,  3.78681291e-10],
       [ 0.00000000e+00, -1.54848219e-12, -4.34125338e-13,
         1.63129824e-10, -1.34324370e-10, -8.76582176e-16,
         8.83152419e-16,  1.41821726e-05, -1.00092392e-06,
        -5.37298482e-09,  3.79956528e-10],
       [ 0.00000000e+00, -1.54573741e-12, -4.34096849e-13,
         1.62932231e-10, -1.34666994e-10, -8.73483112e-16,
         8.81198140e-16,  1.41776726e-05, -1.00272547e-06,
        -5.38126766e-09,  3.80908927e-10],
       [ 0.00000000e+00, -1.54858170e-12, -4.33558812e-13,
         1.62953948e-10, -1.34728827e-10, -8.73060372e-16,
         8.80893445e-16,  1.42110924e-05, -1.00377307e-06,
        -5.38236731e-09,  3.81062622e-10],
       [ 0.00000000e+00, -1.54591156e-12, -4.35663797e-13,
         1.63055957e-10, -1.34612099e-10, -8.71038591e-16,
         8.82157006e-16,  1.42589580e-05, -1.00607010e-06,
        -5.38251952e-09,  3.80204106e-10],
       [ 0.00000000e+00, -1.55071472e-12, -4.33407767e-13,
         1.62961257e-10, -1.34820620e-10, -8.71062326e-16,
         8.82589524e-16,  1.41773675e-05, -1.00273777e-06,
        -5.38348908e-09,  3.80815323e-10],
       [ 0.00000000e+00, -1.54919323e-12, -4.34026898e-13,
         1.63133970e-10, -1.34346317e-10, -8.76236349e-16,
         8.83351188e-16,  1.41821290e-05, -1.00092568e-06,
        -5.37330217e-09,  3.79943156e-10]])
'---After mutation population: 4---'
array([[ 0.00000000e+00, -1.54902673e-12, -4.33207982e-13,
         1.62936947e-10, -1.34748282e-10, -8.73397335e-16,
         8.80682852e-16,  1.42031148e-05, -1.00339023e-06,
        -5.38234194e-09,  3.81205708e-10],
       [ 0.00000000e+00, -1.55070058e-12, -4.33373350e-13,
         1.62884707e-10, -1.34928979e-10, -8.68096776e-16,
         8.85142159e-16,  1.41768333e-05, -1.00377646e-06,
        -5.38869165e-09,  3.80635057e-10],
       [ 0.00000000e+00, -1.54869740e-12, -4.31533501e-13,
         1.62598125e-10, -1.35338356e-10, -8.70567690e-16,
         8.84208555e-16,  1.41864635e-05, -9.99465874e-07,
        -5.41380211e-09,  3.78681291e-10],
       [ 0.00000000e+00, -1.54848219e-12, -4.34125338e-13,
         1.63129824e-10, -1.34324370e-10, -8.78315018e-16,
         8.81875558e-16,  1.41821726e-05, -1.00224115e-06,
        -5.37298482e-09,  3.79956528e-10],
       [ 0.00000000e+00, -1.54668669e-12, -4.34291945e-13,
         1.62904936e-10, -1.34408710e-10, -8.73483112e-16,
         8.81198140e-16,  1.42128843e-05, -1.00272547e-06,
        -5.36170678e-09,  3.80908927e-10],
       [ 0.00000000e+00, -1.54858170e-12, -4.33403991e-13,
         1.62953948e-10, -1.35003765e-10, -8.73853630e-16,
         8.80893445e-16,  1.42110924e-05, -1.00181422e-06,
        -5.37874301e-09,  3.81062622e-10],
       [ 0.00000000e+00, -1.54591156e-12, -4.35792008e-13,
         1.63055957e-10, -1.34612099e-10, -8.72726730e-16,
         8.79482360e-16,  1.42390637e-05, -1.00607010e-06,
        -5.38251952e-09,  3.80563495e-10],
       [ 0.00000000e+00, -1.55071472e-12, -4.33660501e-13,
         1.62961257e-10, -1.34632192e-10, -8.73108948e-16,
