'-----------GENERATION: 0--------------'
array([[-8.70833519e-16,  1.41989014e-05, -1.00447042e-06,
        -5.38521640e-09,  3.79881261e-10],
       [-8.70833519e-16,  1.41989014e-05, -1.00447042e-06,
        -5.38521640e-09,  3.79881261e-10],
       [-8.70833519e-16,  1.41989014e-05, -1.00447042e-06,
        -5.38521640e-09,  3.79881261e-10],
       [-8.70833519e-16,  1.41989014e-05, -1.00447042e-06,
        -5.38521640e-09,  3.79881261e-10],
       [-8.70833519e-16,  1.41989014e-05, -1.00447042e-06,
        -5.38521640e-09,  3.79881261e-10],
       [-8.70833519e-16,  1.41989014e-05, -1.00447042e-06,
        -5.38521640e-09,  3.79881261e-10],
       [-8.70833519e-16,  1.41989014e-05, -1.00447042e-06,
        -5.38521640e-09,  3.79881261e-10],
       [-8.70833519e-16,  1.41989014e-05, -1.00447042e-06,
        -5.38521640e-09,  3.79881261e-10],
       [-8.70833519e-16,  1.41989014e-05, -1.00447042e-06,
        -5.38521640e-09,  3.79881261e-10]])
'---Train Fitness: 0---'
array([2.15133189e+11, 2.15133189e+11, 2.15133189e+11, 2.15133189e+11,
       2.15133189e+11, 2.15133189e+11, 2.15133189e+11, 2.15133189e+11,
       2.15133189e+11])
'---Test Fitness: 0---'
array([2.39584209e+11, 2.39584209e+11, 2.39584209e+11, 2.39584209e+11,
       2.39584209e+11, 2.39584209e+11, 2.39584209e+11, 2.39584209e+11,
       2.39584209e+11])
'---After crossover population: 0---'
array([[-8.70833519e-16,  1.41989014e-05, -1.00447042e-06,
        -5.38521640e-09,  3.79881261e-10],
       [-8.70833519e-16,  1.41989014e-05, -1.00447042e-06,
        -5.38521640e-09,  3.79881261e-10],
       [-8.70833519e-16,  1.41989014e-05, -1.00447042e-06,
        -5.38521640e-09,  3.79881261e-10],
       [-8.70833519e-16,  1.41989014e-05, -1.00447042e-06,
        -5.38521640e-09,  3.79881261e-10],
       [-8.70833519e-16,  1.41989014e-05, -1.00447042e-06,
        -5.38521640e-09,  3.79881261e-10],
       [-8.70833519e-16,  1.41989014e-05, -1.00447042e-06,
        -5.38521640e-09,  3.79881261e-10],
       [-8.70833519e-16,  1.41989014e-05, -1.00447042e-06,
        -5.38521640e-09,  3.79881261e-10],
       [-8.70833519e-16,  1.41989014e-05, -1.00447042e-06,
        -5.38521640e-09,  3.79881261e-10],
       [-8.70833519e-16,  1.41989014e-05, -1.00447042e-06,
        -5.38521640e-09,  3.79881261e-10]])
'---After mutation population: 0---'
array([[-8.70833519e-16,  1.41989014e-05, -1.00447042e-06,
        -5.38521640e-09,  3.79881261e-10],
       [-8.72814254e-16,  1.41989014e-05, -1.00447042e-06,
        -5.39073180e-09,  3.79881261e-10],
       [-8.72628206e-16,  1.41989014e-05, -1.00447042e-06,
        -5.38521640e-09,  3.80045294e-10],
       [-8.68162327e-16,  1.41989014e-05, -1.00479805e-06,
        -5.37034778e-09,  3.78835225e-10],
       [-8.69619440e-16,  1.42308402e-05, -1.00242502e-06,
        -5.37757008e-09,  3.79881261e-10],
       [-8.68583979e-16,  1.41989014e-05, -1.00212728e-06,
        -5.38521640e-09,  3.79436620e-10],
       [-8.70833519e-16,  1.42053411e-05, -1.00447042e-06,
        -5.38521640e-09,  3.79881261e-10],
       [-8.70407653e-16,  1.41989014e-05, -1.00664322e-06,
        -5.38521640e-09,  3.79922712e-10],
       [-8.70115126e-16,  1.41989014e-05, -1.00447042e-06,
        -5.37752122e-09,  3.79881261e-10]])
'---After Selection population: 0---'
array([[-8.70833519e-16,  1.41989014e-05, -1.00447042e-06,
        -5.38521640e-09,  3.79881261e-10],
       [-8.72814254e-16,  1.41989014e-05, -1.00447042e-06,
        -5.39073180e-09,  3.79881261e-10],
       [-8.72628206e-16,  1.41989014e-05, -1.00447042e-06,
        -5.38521640e-09,  3.80045294e-10],
       [-8.68162327e-16,  1.41989014e-05, -1.00479805e-06,
        -5.37034778e-09,  3.78835225e-10],
       [-8.69619440e-16,  1.42308402e-05, -1.00242502e-06,
        -5.37757008e-09,  3.79881261e-10],
       [-8.68583979e-16,  1.41989014e-05, -1.00212728e-06,
        -5.38521640e-09,  3.79436620e-10],
       [-8.70833519e-16,  1.42053411e-05, -1.00447042e-06,
        -5.38521640e-09,  3.79881261e-10],
       [-8.70407653e-16,  1.41989014e-05, -1.00664322e-06,
        -5.38521640e-09,  3.79922712e-10],
       [-8.70115126e-16,  1.41989014e-05, -1.00447042e-06,
        -5.37752122e-09,  3.79881261e-10]])
'-----------GENERATION: 1--------------'
array([[-8.70407653e-16,  1.41989014e-05, -1.00664322e-06,
        -5.38521640e-09,  3.79922712e-10],
       [-8.68162327e-16,  1.41989014e-05, -1.00479805e-06,
        -5.37034778e-09,  3.78835225e-10],
       [-8.72814254e-16,  1.41989014e-05, -1.00447042e-06,
        -5.39073180e-09,  3.79881261e-10],
       [-8.70833519e-16,  1.41989014e-05, -1.00447042e-06,
        -5.38521640e-09,  3.79881261e-10],
       [-8.70833519e-16,  1.42053411e-05, -1.00447042e-06,
        -5.38521640e-09,  3.79881261e-10],
       [-8.72628206e-16,  1.41989014e-05, -1.00447042e-06,
        -5.38521640e-09,  3.80045294e-10],
       [-8.70115126e-16,  1.41989014e-05, -1.00447042e-06,
        -5.37752122e-09,  3.79881261e-10],
       [-8.68583979e-16,  1.41989014e-05, -1.00212728e-06,
        -5.38521640e-09,  3.79436620e-10],
       [-8.69619440e-16,  1.42308402e-05, -1.00242502e-06,
        -5.37757008e-09,  3.79881261e-10]])
'---Train Fitness: 1---'
array([2.22193635e+11, 2.22227559e+11, 2.16943672e+11, 2.15133189e+11,
       2.14691327e+11, 2.14369653e+11, 2.13455065e+11, 2.10607136e+11,
       2.05024288e+11])
'---Test Fitness: 1---'
array([2.31485445e+11, 2.33062239e+11, 2.38777881e+11, 2.39584209e+11,
       2.40209438e+11, 2.41039648e+11, 2.40938584e+11, 2.45999909e+11,
       2.54050875e+11])
'---After crossover population: 1---'
array([[-8.70407653e-16,  1.41989014e-05, -1.00664322e-06,
        -5.38521640e-09,  3.79922712e-10],
       [-8.70460887e-16,  1.41997064e-05, -1.00637162e-06,
        -5.38521640e-09,  3.79917531e-10],
       [-8.70780286e-16,  1.42045361e-05, -1.00474202e-06,
        -5.38521640e-09,  3.79886443e-10],
       [-8.72476863e-16,  1.41989014e-05, -1.00447042e-06,
        -5.38908048e-09,  3.79881261e-10],
       [-8.70452517e-16,  1.41989014e-05, -1.00447042e-06,
        -5.37917254e-09,  3.79881261e-10],
       [-8.72403870e-16,  1.41989014e-05, -1.00447042e-06,
        -5.38521640e-09,  3.80024790e-10],
       [-8.71057855e-16,  1.41989014e-05, -1.00447042e-06,
        -5.38521640e-09,  3.79901765e-10],
       [-8.72285470e-16,  1.41989014e-05, -1.00417752e-06,
        -5.39004238e-09,  3.79825681e-10],
       [-8.69112764e-16,  1.41989014e-05, -1.00242017e-06,
        -5.38590582e-09,  3.79492200e-10]])
'---After mutation population: 1---'
array([[-8.70407653e-16,  1.41989014e-05, -1.00664322e-06,
        -5.38521640e-09,  3.79922712e-10],
       [-8.70460887e-16,  1.41882252e-05, -1.00637162e-06,
        -5.38521640e-09,  3.79917531e-10],
       [-8.72253034e-16,  1.41481566e-05, -1.00474202e-06,
        -5.38521640e-09,  3.79763801e-10],
       [-8.72476863e-16,  1.41842261e-05, -1.00447042e-06,
        -5.38465568e-09,  3.79708420e-10],
       [-8.70452517e-16,  1.41821026e-05, -1.00255855e-06,
        -5.37917254e-09,  3.79991452e-10],
       [-8.70957629e-16,  1.42046275e-05, -1.00017180e-06,
        -5.37650224e-09,  3.80570921e-10],
       [-8.71057855e-16,  1.41989014e-05, -1.00463615e-06,
        -5.38521640e-09,  3.80473882e-10],
       [-8.72285470e-16,  1.41989014e-05, -1.00310858e-06,
        -5.39436080e-09,  3.79080468e-10],
       [-8.69112764e-16,  1.41989014e-05, -1.00242017e-06,
        -5.38590582e-09,  3.80279882e-10]])
'---After Selection population: 1---'
array([[-8.70407653e-16,  1.41989014e-05, -1.00664322e-06,
        -5.38521640e-09,  3.79922712e-10],
       [-8.70460887e-16,  1.41882252e-05, -1.00637162e-06,
        -5.38521640e-09,  3.79917531e-10],
       [-8.72253034e-16,  1.41481566e-05, -1.00474202e-06,
        -5.38521640e-09,  3.79763801e-10],
       [-8.72476863e-16,  1.41842261e-05, -1.00447042e-06,
        -5.38465568e-09,  3.79708420e-10],
       [-8.70452517e-16,  1.41821026e-05, -1.00255855e-06,
        -5.37917254e-09,  3.79991452e-10],
       [-8.70957629e-16,  1.42046275e-05, -1.00017180e-06,
        -5.37650224e-09,  3.80570921e-10],
       [-8.71057855e-16,  1.41989014e-05, -1.00463615e-06,
        -5.38521640e-09,  3.80473882e-10],
       [-8.72285470e-16,  1.41989014e-05, -1.00310858e-06,
        -5.39436080e-09,  3.79080468e-10],
       [-8.69112764e-16,  1.41989014e-05, -1.00242017e-06,
        -5.38590582e-09,  3.80279882e-10]])
'-----------GENERATION: 2--------------'
array([[-8.70407653e-16,  1.41989014e-05, -1.00664322e-06,
        -5.38521640e-09,  3.79922712e-10],
       [-8.70460887e-16,  1.41882252e-05, -1.00637162e-06,
        -5.38521640e-09,  3.79917531e-10],
       [-8.72253034e-16,  1.41481566e-05, -1.00474202e-06,
        -5.38521640e-09,  3.79763801e-10],
       [-8.72285470e-16,  1.41989014e-05, -1.00310858e-06,
        -5.39436080e-09,  3.79080468e-10],
       [-8.72476863e-16,  1.41842261e-05, -1.00447042e-06,
        -5.38465568e-09,  3.79708420e-10],
       [-8.71057855e-16,  1.41989014e-05, -1.00463615e-06,
        -5.38521640e-09,  3.80473882e-10],
       [-8.70452517e-16,  1.41821026e-05, -1.00255855e-06,
        -5.37917254e-09,  3.79991452e-10],
       [-8.69112764e-16,  1.41989014e-05, -1.00242017e-06,
        -5.38590582e-09,  3.80279882e-10],
       [-8.70957629e-16,  1.42046275e-05, -1.00017180e-06,
        -5.37650224e-09,  3.80570921e-10]])
'---Train Fitness: 2---'
array([2.22193635e+11, 2.22074556e+11, 2.21395107e+11, 2.20182392e+11,
       2.18312725e+11, 2.10527917e+11, 2.08027907e+11, 2.04880938e+11,
       1.96000449e+11])
'---Test Fitness: 2---'
array([2.31485445e+11, 2.31528297e+11, 2.33189898e+11, 2.37621550e+11,
       2.37143243e+11, 2.43788377e+11, 2.48582875e+11, 2.52444115e+11,
       2.71676388e+11])
'---After crossover population: 2---'
array([[-8.70407653e-16,  1.41989014e-05, -1.00664322e-06,
        -5.38521640e-09,  3.79922712e-10],
       [-8.70638326e-16,  1.41925583e-05, -1.00640557e-06,
        -5.38521640e-09,  3.79902848e-10],
       [-8.72022361e-16,  1.41544997e-05, -1.00497967e-06,
        -5.38521640e-09,  3.79783665e-10],
       [-8.70285048e-16,  1.41842025e-05, -1.00254125e-06,
        -5.38001420e-09,  3.80027506e-10],
       [-8.69280233e-16,  1.41968016e-05, -1.00243747e-06,
        -5.38506416e-09,  3.80243828e-10],
       [-8.72448884e-16,  1.41797175e-05, -1.00450437e-06,
        -5.38472577e-09,  3.79715342e-10],
       [-8.72281013e-16,  1.41526653e-05, -1.00470807e-06,
        -5.38514631e-09,  3.79756879e-10],
       [-8.70454232e-16,  1.41895597e-05, -1.00640557e-06,
        -5.38521640e-09,  3.79918178e-10],
       [-8.70414308e-16,  1.41975669e-05, -1.00660927e-06,
        -5.38521640e-09,  3.79922065e-10]])
'---After mutation population: 2---'
array([[-8.70407653e-16,  1.41989014e-05, -1.00664322e-06,
        -5.38521640e-09,  3.79922712e-10],
       [-8.70638326e-16,  1.41925583e-05, -1.00640557e-06,
        -5.38521640e-09,  3.79870686e-10],
       [-8.72022361e-16,  1.41733682e-05, -1.00182425e-06,
        -5.38521640e-09,  3.79593314e-10],
       [-8.70285048e-16,  1.41966526e-05, -9.97992036e-07,
        -5.37941665e-09,  3.80414125e-10],
       [-8.69280233e-16,  1.42424957e-05, -1.00243747e-06,
        -5.38506416e-09,  3.79815624e-10],
       [-8.74175783e-16,  1.41834750e-05, -1.00409752e-06,
        -5.38472577e-09,  3.80031018e-10],
       [-8.71419896e-16,  1.40939727e-05, -1.00470807e-06,
        -5.38729763e-09,  3.79756879e-10],
       [-8.69339087e-16,  1.41895597e-05, -1.00587778e-06,
        -5.38521640e-09,  3.79918178e-10],
       [-8.71321521e-16,  1.41975669e-05, -1.00660927e-06,
        -5.38101905e-09,  3.80305768e-10]])
'---After Selection population: 2---'
array([[-8.70407653e-16,  1.41989014e-05, -1.00664322e-06,
        -5.38521640e-09,  3.79922712e-10],
       [-8.70638326e-16,  1.41925583e-05, -1.00640557e-06,
        -5.38521640e-09,  3.79870686e-10],
       [-8.72022361e-16,  1.41733682e-05, -1.00182425e-06,
        -5.38521640e-09,  3.79593314e-10],
       [-8.70285048e-16,  1.41966526e-05, -9.97992036e-07,
        -5.37941665e-09,  3.80414125e-10],
       [-8.69280233e-16,  1.42424957e-05, -1.00243747e-06,
        -5.38506416e-09,  3.79815624e-10],
       [-8.74175783e-16,  1.41834750e-05, -1.00409752e-06,
        -5.38472577e-09,  3.80031018e-10],
       [-8.71419896e-16,  1.40939727e-05, -1.00470807e-06,
        -5.38729763e-09,  3.79756879e-10],
       [-8.69339087e-16,  1.41895597e-05, -1.00587778e-06,
        -5.38521640e-09,  3.79918178e-10],
       [-8.71321521e-16,  1.41975669e-05, -1.00660927e-06,
        -5.38101905e-09,  3.80305768e-10]])
'-----------GENERATION: 3--------------'
array([[-8.71419896e-16,  1.40939727e-05, -1.00470807e-06,
        -5.38729763e-09,  3.79756879e-10],
       [-8.70638326e-16,  1.41925583e-05, -1.00640557e-06,
        -5.38521640e-09,  3.79870686e-10],
       [-8.70407653e-16,  1.41989014e-05, -1.00664322e-06,
        -5.38521640e-09,  3.79922712e-10],
       [-8.69339087e-16,  1.41895597e-05, -1.00587778e-06,
        -5.38521640e-09,  3.79918178e-10],
       [-8.71321521e-16,  1.41975669e-05, -1.00660927e-06,
        -5.38101905e-09,  3.80305768e-10],
       [-8.74175783e-16,  1.41834750e-05, -1.00409752e-06,
        -5.38472577e-09,  3.80031018e-10],
       [-8.72022361e-16,  1.41733682e-05, -1.00182425e-06,
        -5.38521640e-09,  3.79593314e-10],
       [-8.69280233e-16,  1.42424957e-05, -1.00243747e-06,
        -5.38506416e-09,  3.79815624e-10],
       [-8.70285048e-16,  1.41966526e-05, -9.97992036e-07,
        -5.37941665e-09,  3.80414125e-10]])
'---Train Fitness: 3---'
array([2.25552378e+11, 2.22407673e+11, 2.22193635e+11, 2.19713403e+11,
       2.18036469e+11, 2.14843079e+11, 2.11300526e+11, 2.05959803e+11,
       1.92803862e+11])
'---Test Fitness: 3---'
array([2.28442157e+11, 2.31492168e+11, 2.31485445e+11, 2.33309096e+11,
       2.34822461e+11, 2.41212782e+11, 2.46315954e+11, 2.52971804e+11,
       2.81732742e+11])
'---After crossover population: 3---'
array([[-8.71419896e-16,  1.40939727e-05, -1.00470807e-06,
        -5.38729763e-09,  3.79756879e-10],
       [-8.71934756e-16,  1.41763931e-05, -1.00242238e-06,
        -5.38469173e-09,  3.79682371e-10],
       [-8.71409126e-16,  1.41945420e-05, -1.00601114e-06,
        -5.38154372e-09,  3.80216712e-10],
       [-8.71820523e-16,  1.41765599e-05, -1.00242662e-06,
        -5.38521640e-09,  3.79634489e-10],
       [-8.70609492e-16,  1.41957098e-05, -1.00604085e-06,
        -5.38521640e-09,  3.79881537e-10],
       [-8.70166803e-16,  1.41957660e-05, -9.98977755e-07,
        -5.38014161e-09,  3.80352132e-10],
       [-8.69457332e-16,  1.41904463e-05, -1.00489206e-06,
        -5.38449143e-09,  3.79980172e-10],
       [-8.71293365e-16,  1.41070888e-05, -1.00494996e-06,
        -5.38703748e-09,  3.79777608e-10],
       [-8.70534184e-16,  1.41857853e-05, -1.00640132e-06,
        -5.38547655e-09,  3.79901983e-10]])
'---After mutation population: 3---'
array([[-8.71419896e-16,  1.40939727e-05, -1.00470807e-06,
        -5.38729763e-09,  3.79756879e-10],
       [-8.72250470e-16,  1.42011630e-05, -1.00227493e-06,
        -5.38469173e-09,  3.79682371e-10],
       [-8.74628417e-16,  1.41871580e-05, -1.00926600e-06,
        -5.38154372e-09,  3.79468780e-10],
       [-8.71277236e-16,  1.41765599e-05, -1.00242662e-06,
        -5.37610761e-09,  3.78849232e-10],
       [-8.70609492e-16,  1.42138015e-05, -1.00604085e-06,
        -5.38734496e-09,  3.79881537e-10],
       [-8.70166803e-16,  1.42164607e-05, -1.00116297e-06,
        -5.38014161e-09,  3.81201486e-10],
       [-8.69457332e-16,  1.41904463e-05, -1.00489206e-06,
        -5.38449143e-09,  3.79884079e-10],
       [-8.71293365e-16,  1.41070888e-05, -1.00364938e-06,
        -5.38703748e-09,  3.78852978e-10],
       [-8.70976061e-16,  1.41857853e-05, -1.00950681e-06,
        -5.38547655e-09,  3.79901983e-10]])
'---After Selection population: 3---'
array([[-8.71419896e-16,  1.40939727e-05, -1.00470807e-06,
        -5.38729763e-09,  3.79756879e-10],
       [-8.72250470e-16,  1.42011630e-05, -1.00227493e-06,
        -5.38469173e-09,  3.79682371e-10],
       [-8.74628417e-16,  1.41871580e-05, -1.00926600e-06,
        -5.38154372e-09,  3.79468780e-10],
       [-8.71277236e-16,  1.41765599e-05, -1.00242662e-06,
        -5.37610761e-09,  3.78849232e-10],
       [-8.70609492e-16,  1.42138015e-05, -1.00604085e-06,
        -5.38734496e-09,  3.79881537e-10],
       [-8.70166803e-16,  1.42164607e-05, -1.00116297e-06,
        -5.38014161e-09,  3.81201486e-10],
       [-8.69457332e-16,  1.41904463e-05, -1.00489206e-06,
        -5.38449143e-09,  3.79884079e-10],
       [-8.71293365e-16,  1.41070888e-05, -1.00364938e-06,
        -5.38703748e-09,  3.78852978e-10],
       [-8.70976061e-16,  1.41857853e-05, -1.00950681e-06,
        -5.38547655e-09,  3.79901983e-10]])
'-----------GENERATION: 4--------------'
array([[-8.71293365e-16,  1.41070888e-05, -1.00364938e-06,
        -5.38703748e-09,  3.78852978e-10],
       [-8.71419896e-16,  1.40939727e-05, -1.00470807e-06,
        -5.38729763e-09,  3.79756879e-10],
       [-8.70976061e-16,  1.41857853e-05, -1.00950681e-06,
        -5.38547655e-09,  3.79901983e-10],
       [-8.70609492e-16,  1.42138015e-05, -1.00604085e-06,
        -5.38734496e-09,  3.79881537e-10],
       [-8.74628417e-16,  1.41871580e-05, -1.00926600e-06,
        -5.38154372e-09,  3.79468780e-10],
       [-8.69457332e-16,  1.41904463e-05, -1.00489206e-06,
        -5.38449143e-09,  3.79884079e-10],
       [-8.71277236e-16,  1.41765599e-05, -1.00242662e-06,
        -5.37610761e-09,  3.78849232e-10],
       [-8.72250470e-16,  1.42011630e-05, -1.00227493e-06,
        -5.38469173e-09,  3.79682371e-10],
       [-8.70166803e-16,  1.42164607e-05, -1.00116297e-06,
        -5.38014161e-09,  3.81201486e-10]])
'---Train Fitness: 4---'
array([2.29607540e+11, 2.25552378e+11, 2.35069477e+11, 2.19804248e+11,
       2.39559905e+11, 2.16435030e+11, 2.17725594e+11, 2.10158826e+11,
       1.93797457e+11])
'---Test Fitness: 4---'
array([2.27833818e+11, 2.28442157e+11, 2.21894367e+11, 2.34362336e+11,
       2.21915784e+11, 2.37082626e+11, 2.39572137e+11, 2.48111217e+11,
       2.74134414e+11])
'---After crossover population: 4---'
array([[-8.71293365e-16,  1.41070888e-05, -1.00364938e-06,
        -5.38703748e-09,  3.78852978e-10],
       [-8.70710792e-16,  1.41988229e-05, -1.00587425e-06,
        -5.38733905e-09,  3.79865955e-10],
       [-8.71318595e-16,  1.41089513e-05, -1.00487466e-06,
        -5.38730355e-09,  3.79772461e-10],
       [-8.70694976e-16,  1.42004624e-05, -1.00574191e-06,
        -5.38730653e-09,  3.79752968e-10],
       [-8.71207881e-16,  1.41204279e-05, -1.00394831e-06,
        -5.38707591e-09,  3.78981548e-10],
       [-8.71239589e-16,  1.41777131e-05, -1.00331165e-06,
        -5.37727873e-09,  3.78980826e-10],
       [-8.71013708e-16,  1.41846321e-05, -1.00862179e-06,
        -5.38430543e-09,  3.79770389e-10],
       [-8.71402063e-16,  1.41042961e-05, -1.00442289e-06,
        -5.38589888e-09,  3.79643423e-10],
       [-8.71295068e-16,  1.41662365e-05, -1.00271180e-06,
        -5.37750637e-09,  3.78962688e-10]])
'---After mutation population: 4---'
array([[-8.71293365e-16,  1.41070888e-05, -1.00364938e-06,
        -5.38703748e-09,  3.78852978e-10],
       [-8.70710792e-16,  1.42068887e-05, -1.00690909e-06,
        -5.38733905e-09,  3.79682987e-10],
       [-8.71318595e-16,  1.40954215e-05, -1.00487466e-06,
        -5.38730355e-09,  3.79772461e-10],
       [-8.69202804e-16,  1.42004624e-05, -1.00574191e-06,
        -5.38730653e-09,  3.80536438e-10],
       [-8.71207881e-16,  1.41204279e-05, -9.99461184e-07,
        -5.38707591e-09,  3.78981548e-10],
       [-8.71256937e-16,  1.42027286e-05, -1.00307561e-06,
        -5.37727873e-09,  3.78980826e-10],
       [-8.71725623e-16,  1.42759012e-05, -1.00862179e-06,
        -5.38430543e-09,  3.80109738e-10],
       [-8.72192746e-16,  1.41042961e-05, -1.00207468e-06,
        -5.38589888e-09,  3.79819545e-10],
       [-8.71295068e-16,  1.42162856e-05, -1.00243536e-06,
        -5.37750637e-09,  3.79234659e-10]])
'---After Selection population: 4---'
array([[-8.71293365e-16,  1.41070888e-05, -1.00364938e-06,
        -5.38703748e-09,  3.78852978e-10],
       [-8.70710792e-16,  1.42068887e-05, -1.00690909e-06,
        -5.38733905e-09,  3.79682987e-10],
       [-8.71318595e-16,  1.40954215e-05, -1.00487466e-06,
        -5.38730355e-09,  3.79772461e-10],
       [-8.69202804e-16,  1.42004624e-05, -1.00574191e-06,
        -5.38730653e-09,  3.80536438e-10],
       [-8.71207881e-16,  1.41204279e-05, -9.99461184e-07,
        -5.38707591e-09,  3.78981548e-10],
       [-8.71256937e-16,  1.42027286e-05, -1.00307561e-06,
        -5.37727873e-09,  3.78980826e-10],
       [-8.71725623e-16,  1.42759012e-05, -1.00862179e-06,
        -5.38430543e-09,  3.80109738e-10],
       [-8.72192746e-16,  1.41042961e-05, -1.00207468e-06,
        -5.38589888e-09,  3.79819545e-10],
       [-8.71295068e-16,  1.42162856e-05, -1.00243536e-06,
        -5.37750637e-09,  3.79234659e-10]])
'-----------GENERATION: 5--------------'
array([[-8.71293365e-16,  1.41070888e-05, -1.00364938e-06,
        -5.38703748e-09,  3.78852978e-10],
       [-8.71318595e-16,  1.40954215e-05, -1.00487466e-06,
        -5.38730355e-09,  3.79772461e-10],
       [-8.70710792e-16,  1.42068887e-05, -1.00690909e-06,
        -5.38733905e-09,  3.79682987e-10],
       [-8.71725623e-16,  1.42759012e-05, -1.00862179e-06,
        -5.38430543e-09,  3.80109738e-10],
       [-8.71256937e-16,  1.42027286e-05, -1.00307561e-06,
        -5.37727873e-09,  3.78980826e-10],
       [-8.72192746e-16,  1.41042961e-05, -1.00207468e-06,
        -5.38589888e-09,  3.79819545e-10],
       [-8.69202804e-16,  1.42004624e-05, -1.00574191e-06,
        -5.38730653e-09,  3.80536438e-10],
       [-8.71207881e-16,  1.41204279e-05, -9.99461184e-07,
        -5.38707591e-09,  3.78981548e-10],
       [-8.71295068e-16,  1.42162856e-05, -1.00243536e-06,
        -5.37750637e-09,  3.79234659e-10]])
'---Train Fitness: 5---'
array([2.29607540e+11, 2.25871246e+11, 2.25529723e+11, 2.22210536e+11,
       2.17095972e+11, 2.14909949e+11, 2.13077219e+11, 2.12608038e+11,
       2.11893828e+11])
'---Test Fitness: 5---'
array([2.27833818e+11, 2.28088620e+11, 2.29511396e+11, 2.32384403e+11,
       2.40197209e+11, 2.39953838e+11, 2.39061673e+11, 2.45770870e+11,
       2.46373035e+11])
'---After crossover population: 5---'
array([[-8.71293365e-16,  1.41070888e-05, -1.00364938e-06,
        -5.38703748e-09,  3.78852978e-10],
       [-8.72134356e-16,  1.41257468e-05, -1.00289307e-06,
        -5.38569970e-09,  3.79855819e-10],
       [-8.71784014e-16,  1.42544506e-05, -1.00780340e-06,
        -5.38450462e-09,  3.80073464e-10],
       [-8.71261704e-16,  1.42044233e-05, -1.00299558e-06,
        -5.37730719e-09,  3.79012555e-10],
       [-8.71290302e-16,  1.42145910e-05, -1.00251539e-06,
        -5.37747791e-09,  3.79202930e-10],
       [-8.69464125e-16,  1.41887907e-05, -1.00548035e-06,
        -5.38727290e-09,  3.80326005e-10],
       [-8.71032045e-16,  1.41187605e-05, -1.00391095e-06,
        -5.38707111e-09,  3.79063411e-10],
       [-8.71598769e-16,  1.42672746e-05, -1.00840770e-06,
        -5.38468464e-09,  3.80056394e-10],
       [-8.70837646e-16,  1.42155153e-05, -1.00712318e-06,
        -5.38695985e-09,  3.79736331e-10]])
'---After mutation population: 5---'
array([[-8.71293365e-16,  1.41070888e-05, -1.00364938e-06,
        -5.38703748e-09,  3.78852978e-10],
       [-8.73048203e-16,  1.41214728e-05, -1.00369216e-06,
        -5.38862278e-09,  3.79855819e-10],
       [-8.72593915e-16,  1.42544506e-05, -1.01033377e-06,
        -5.38734919e-09,  3.79132084e-10],
       [-8.72791917e-16,  1.42044233e-05, -1.00422938e-06,
        -5.37730719e-09,  3.79012555e-10],
       [-8.71262698e-16,  1.42145910e-05, -1.00102019e-06,
        -5.37747791e-09,  3.79202930e-10],
       [-8.70008859e-16,  1.42111536e-05, -1.00719598e-06,
        -5.38727290e-09,  3.79511816e-10],
       [-8.71032045e-16,  1.41187605e-05, -1.00391095e-06,
        -5.41703764e-09,  3.79063411e-10],
       [-8.71598769e-16,  1.42257161e-05, -1.00840770e-06,
        -5.39029217e-09,  3.80056394e-10],
       [-8.70837646e-16,  1.42155153e-05, -1.00712318e-06,
        -5.38695985e-09,  3.81357608e-10]])
'---After Selection population: 5---'
array([[-8.71293365e-16,  1.41070888e-05, -1.00364938e-06,
        -5.38703748e-09,  3.78852978e-10],
       [-8.73048203e-16,  1.41214728e-05, -1.00369216e-06,
        -5.38862278e-09,  3.79855819e-10],
       [-8.72593915e-16,  1.42544506e-05, -1.01033377e-06,
        -5.38734919e-09,  3.79132084e-10],
       [-8.72791917e-16,  1.42044233e-05, -1.00422938e-06,
        -5.37730719e-09,  3.79012555e-10],
       [-8.71262698e-16,  1.42145910e-05, -1.00102019e-06,
        -5.37747791e-09,  3.79202930e-10],
       [-8.70008859e-16,  1.42111536e-05, -1.00719598e-06,
        -5.38727290e-09,  3.79511816e-10],
       [-8.71032045e-16,  1.41187605e-05, -1.00391095e-06,
        -5.41703764e-09,  3.79063411e-10],
       [-8.71598769e-16,  1.42257161e-05, -1.00840770e-06,
        -5.39029217e-09,  3.80056394e-10],
       [-8.70837646e-16,  1.42155153e-05, -1.00712318e-06,
        -5.38695985e-09,  3.81357608e-10]])
'-----------GENERATION: 6--------------'
array([[-8.70008859e-16,  1.42111536e-05, -1.00719598e-06,
        -5.38727290e-09,  3.79511816e-10],
       [-8.71598769e-16,  1.42257161e-05, -1.00840770e-06,
        -5.39029217e-09,  3.80056394e-10],
       [-8.71293365e-16,  1.41070888e-05, -1.00364938e-06,
        -5.38703748e-09,  3.78852978e-10],
       [-8.71032045e-16,  1.41187605e-05, -1.00391095e-06,
        -5.41703764e-09,  3.79063411e-10],
       [-8.72791917e-16,  1.42044233e-05, -1.00422938e-06,
        -5.37730719e-09,  3.79012555e-10],
       [-8.73048203e-16,  1.41214728e-05, -1.00369216e-06,
        -5.38862278e-09,  3.79855819e-10],
       [-8.72593915e-16,  1.42544506e-05, -1.01033377e-06,
        -5.38734919e-09,  3.79132084e-10],
       [-8.70837646e-16,  1.42155153e-05, -1.00712318e-06,
        -5.38695985e-09,  3.81357608e-10],
       [-8.71262698e-16,  1.42145910e-05, -1.00102019e-06,
        -5.37747791e-09,  3.79202930e-10]])
'---Train Fitness: 6---'
array([2.27740528e+11, 2.26976745e+11, 2.29607540e+11, 2.33792905e+11,
       2.21325526e+11, 2.19726896e+11, 2.42512973e+11, 2.09894788e+11,
       2.07954243e+11])
'---Test Fitness: 6---'
array([2.27893991e+11, 2.27959322e+11, 2.27833818e+11, 2.25327337e+11,
       2.36207480e+11, 2.34937207e+11, 2.21383678e+11, 2.41557779e+11,
       2.52668546e+11])
'---After crossover population: 6---'
array([[-8.70008859e-16,  1.42111536e-05, -1.00719598e-06,
        -5.38727290e-09,  3.79511816e-10],
       [-8.71503629e-16,  1.42244410e-05, -1.00824714e-06,
        -5.38987563e-09,  3.80219046e-10],
       [-8.70932787e-16,  1.42167904e-05, -1.00728375e-06,
        -5.38737639e-09,  3.81194956e-10],
       [-8.72444035e-16,  1.42052646e-05, -1.00460020e-06,
        -5.37855290e-09,  3.79074962e-10],
       [-8.70356741e-16,  1.42103123e-05, -1.00682516e-06,
        -5.38602718e-09,  3.79449408e-10],
       [-8.71304707e-16,  1.42159817e-05, -1.00194363e-06,
        -5.37907969e-09,  3.79309613e-10],
       [-8.71556760e-16,  1.42243254e-05, -1.00748426e-06,
        -5.38869039e-09,  3.79949711e-10],
       [-8.71556760e-16,  1.42243254e-05, -1.00748426e-06,
        -5.38869039e-09,  3.79949711e-10],
       [-8.71304707e-16,  1.42159817e-05, -1.00194363e-06,
        -5.37907969e-09,  3.79309613e-10]])
'---After mutation population: 6---'
array([[-8.70008859e-16,  1.42111536e-05, -1.00719598e-06,
        -5.38727290e-09,  3.79511816e-10],
       [-8.72889411e-16,  1.42244410e-05, -1.00678742e-06,
        -5.38987563e-09,  3.80219046e-10],
       [-8.70932787e-16,  1.42167904e-05, -1.00880335e-06,
        -5.38737639e-09,  3.81194956e-10],
       [-8.72444035e-16,  1.41907517e-05, -1.00947767e-06,
        -5.37855290e-09,  3.79432013e-10],
       [-8.72178076e-16,  1.42103123e-05, -1.00682516e-06,
        -5.38602718e-09,  3.80192366e-10],
       [-8.71597525e-16,  1.42272490e-05, -1.00406301e-06,
        -5.37907969e-09,  3.79309613e-10],
       [-8.70009401e-16,  1.42243254e-05, -1.00816835e-06,
        -5.38869039e-09,  3.79949711e-10],
       [-8.71121414e-16,  1.42196241e-05, -1.00936159e-06,
        -5.39800077e-09,  3.79949711e-10],
       [-8.72260460e-16,  1.42837674e-05, -1.00194363e-06,
        -5.37907969e-09,  3.79309613e-10]])
'---After Selection population: 6---'
array([[-8.70008859e-16,  1.42111536e-05, -1.00719598e-06,
        -5.38727290e-09,  3.79511816e-10],
       [-8.72889411e-16,  1.42244410e-05, -1.00678742e-06,
        -5.38987563e-09,  3.80219046e-10],
       [-8.70932787e-16,  1.42167904e-05, -1.00880335e-06,
        -5.38737639e-09,  3.81194956e-10],
       [-8.72444035e-16,  1.41907517e-05, -1.00947767e-06,
        -5.37855290e-09,  3.79432013e-10],
       [-8.72178076e-16,  1.42103123e-05, -1.00682516e-06,
        -5.38602718e-09,  3.80192366e-10],
       [-8.71597525e-16,  1.42272490e-05, -1.00406301e-06,
        -5.37907969e-09,  3.79309613e-10],
       [-8.70009401e-16,  1.42243254e-05, -1.00816835e-06,
        -5.38869039e-09,  3.79949711e-10],
       [-8.71121414e-16,  1.42196241e-05, -1.00936159e-06,
        -5.39800077e-09,  3.79949711e-10],
       [-8.72260460e-16,  1.42837674e-05, -1.00194363e-06,
        -5.37907969e-09,  3.79309613e-10]])
'-----------GENERATION: 7--------------'
array([[-8.70008859e-16,  1.42111536e-05, -1.00719598e-06,
        -5.38727290e-09,  3.79511816e-10],
       [-8.70009401e-16,  1.42243254e-05, -1.00816835e-06,
        -5.38869039e-09,  3.79949711e-10],
       [-8.71121414e-16,  1.42196241e-05, -1.00936159e-06,
        -5.39800077e-09,  3.79949711e-10],
       [-8.72178076e-16,  1.42103123e-05, -1.00682516e-06,
        -5.38602718e-09,  3.80192366e-10],
       [-8.72889411e-16,  1.42244410e-05, -1.00678742e-06,
        -5.38987563e-09,  3.80219046e-10],
       [-8.70932787e-16,  1.42167904e-05, -1.00880335e-06,
        -5.38737639e-09,  3.81194956e-10],
       [-8.72444035e-16,  1.41907517e-05, -1.00947767e-06,
        -5.37855290e-09,  3.79432013e-10],
       [-8.71597525e-16,  1.42272490e-05, -1.00406301e-06,
        -5.37907969e-09,  3.79309613e-10],
       [-8.72260460e-16,  1.42837674e-05, -1.00194363e-06,
        -5.37907969e-09,  3.79309613e-10]])
'---Train Fitness: 7---'
array([2.27740528e+11, 2.26243250e+11, 2.33889950e+11, 2.20271312e+11,
       2.19881331e+11, 2.17001947e+11, 2.38891060e+11, 2.16188989e+11,
       2.06282706e+11])
'---Test Fitness: 7---'
array([2.27893991e+11, 2.28029806e+11, 2.23315978e+11, 2.33627472e+11,
       2.34644690e+11, 2.33330439e+11, 2.21416438e+11, 2.40719054e+11,
       2.56736173e+11])
'---After crossover population: 7---'
array([[-8.70008859e-16,  1.42111536e-05, -1.00719598e-06,
        -5.38727290e-09,  3.79511816e-10],
       [-8.72045993e-16,  1.42114763e-05, -1.00714221e-06,
        -5.38752388e-09,  3.80162035e-10],
       [-8.71253497e-16,  1.42184601e-05, -1.00904453e-06,
        -5.39650407e-09,  3.79980043e-10],
       [-8.71979077e-16,  1.42763372e-05, -1.00272172e-06,
        -5.38028103e-09,  3.79389625e-10],
       [-8.70290783e-16,  1.42317557e-05, -1.00739026e-06,
        -5.38748905e-09,  3.79869699e-10],
       [-8.72810792e-16,  1.42318568e-05, -1.00618195e-06,
        -5.38852614e-09,  3.80105367e-10],
       [-8.72339079e-16,  1.42763516e-05, -1.00254910e-06,
        -5.38042919e-09,  3.79423292e-10],
       [-8.70982413e-16,  1.42202118e-05, -1.00921243e-06,
        -5.39683698e-09,  3.79949711e-10],
       [-8.70148402e-16,  1.42237378e-05, -1.00831751e-06,
        -5.38985419e-09,  3.79949711e-10]])
'---After mutation population: 7---'
array([[-8.70008859e-16,  1.42111536e-05, -1.00719598e-06,
        -5.38727290e-09,  3.79511816e-10],
       [-8.72045993e-16,  1.42114763e-05, -1.00714221e-06,
        -5.38752388e-09,  3.80162035e-10],
       [-8.72299272e-16,  1.42174755e-05, -1.00904453e-06,
        -5.39650407e-09,  3.79980043e-10],
       [-8.71979077e-16,  1.42763372e-05, -1.00272172e-06,
        -5.37745230e-09,  3.79895152e-10],
       [-8.70290783e-16,  1.42317557e-05, -1.00739026e-06,
        -5.37624951e-09,  3.79869699e-10],
       [-8.73652204e-16,  1.42318568e-05, -1.00638192e-06,
        -5.38114747e-09,  3.80105367e-10],
       [-8.72339079e-16,  1.43300190e-05, -1.00254910e-06,
        -5.38772873e-09,  3.79637177e-10],
       [-8.70982413e-16,  1.42202118e-05, -1.00921243e-06,
        -5.39640481e-09,  3.79949711e-10],
       [-8.70148402e-16,  1.41704290e-05, -1.00757363e-06,
        -5.38986264e-09,  3.78615852e-10]])
'---After Selection population: 7---'
array([[-8.70008859e-16,  1.42111536e-05, -1.00719598e-06,
        -5.38727290e-09,  3.79511816e-10],
       [-8.72045993e-16,  1.42114763e-05, -1.00714221e-06,
        -5.38752388e-09,  3.80162035e-10],
       [-8.72299272e-16,  1.42174755e-05, -1.00904453e-06,
        -5.39650407e-09,  3.79980043e-10],
       [-8.71979077e-16,  1.42763372e-05, -1.00272172e-06,
        -5.37745230e-09,  3.79895152e-10],
       [-8.70290783e-16,  1.42317557e-05, -1.00739026e-06,
        -5.37624951e-09,  3.79869699e-10],
       [-8.73652204e-16,  1.42318568e-05, -1.00638192e-06,
        -5.38114747e-09,  3.80105367e-10],
       [-8.72339079e-16,  1.43300190e-05, -1.00254910e-06,
        -5.38772873e-09,  3.79637177e-10],
       [-8.70982413e-16,  1.42202118e-05, -1.00921243e-06,
        -5.39640481e-09,  3.79949711e-10],
       [-8.70148402e-16,  1.41704290e-05, -1.00757363e-06,
        -5.38986264e-09,  3.78615852e-10]])
'-----------GENERATION: 8--------------'
array([[-8.70008859e-16,  1.42111536e-05, -1.00719598e-06,
        -5.38727290e-09,  3.79511816e-10],
       [-8.72299272e-16,  1.42174755e-05, -1.00904453e-06,
        -5.39650407e-09,  3.79980043e-10],
       [-8.70982413e-16,  1.42202118e-05, -1.00921243e-06,
        -5.39640481e-09,  3.79949711e-10],
       [-8.72045993e-16,  1.42114763e-05, -1.00714221e-06,
        -5.38752388e-09,  3.80162035e-10],
       [-8.70290783e-16,  1.42317557e-05, -1.00739026e-06,
        -5.37624951e-09,  3.79869699e-10],
       [-8.73652204e-16,  1.42318568e-05, -1.00638192e-06,
        -5.38114747e-09,  3.80105367e-10],
       [-8.70148402e-16,  1.41704290e-05, -1.00757363e-06,
        -5.38986264e-09,  3.78615852e-10],
       [-8.71979077e-16,  1.42763372e-05, -1.00272172e-06,
        -5.37745230e-09,  3.79895152e-10],
       [-8.72339079e-16,  1.43300190e-05, -1.00254910e-06,
        -5.38772873e-09,  3.79637177e-10]])
'---Train Fitness: 8---'
array([2.27740528e+11, 2.32628009e+11, 2.32810371e+11, 2.21867990e+11,
       2.21165793e+11, 2.17649358e+11, 2.43332631e+11, 2.03976388e+11,
       2.04163446e+11])
'---Test Fitness: 8---'
array([2.27893991e+11, 2.24486937e+11, 2.23896281e+11, 2.32132080e+11,
       2.32582226e+11, 2.37591971e+11, 2.20502733e+11, 2.58192579e+11,
       2.60487604e+11])
'---After crossover population: 8---'
array([[-8.70008859e-16,  1.42111536e-05, -1.00719598e-06,
        -5.38727290e-09,  3.79511816e-10],
       [-8.70860719e-16,  1.42190795e-05, -1.00896038e-06,
        -5.39526332e-09,  3.79894974e-10],
       [-8.70130553e-16,  1.42122858e-05, -1.00744804e-06,
        -5.38841439e-09,  3.79566552e-10],
       [-8.73196786e-16,  1.42292689e-05, -1.00648368e-06,
        -5.38191314e-09,  3.80031173e-10],
       [-8.70464277e-16,  1.42137415e-05, -1.00709422e-06,
        -5.38650722e-09,  3.79586009e-10],
       [-8.70422237e-16,  1.41903778e-05, -1.00694557e-06,
        -5.38959591e-09,  3.78743518e-10],
       [-8.72065244e-16,  1.43100702e-05, -1.00317717e-06,
        -5.38799547e-09,  3.79509511e-10],
       [-8.71115360e-16,  1.42191198e-05, -1.00895366e-06,
        -5.39529470e-09,  3.79976252e-10],
       [-8.71913046e-16,  1.42125682e-05, -1.00740099e-06,
        -5.38863400e-09,  3.80135494e-10]])
'---After mutation population: 8---'
array([[-8.70008859e-16,  1.42111536e-05, -1.00719598e-06,
        -5.38727290e-09,  3.79511816e-10],
       [-8.70860719e-16,  1.42190795e-05, -1.00896038e-06,
        -5.39526332e-09,  3.79159466e-10],
       [-8.70130553e-16,  1.42122858e-05, -1.00873694e-06,
        -5.38841439e-09,  3.79566552e-10],
       [-8.75349016e-16,  1.42292689e-05, -1.00464476e-06,
        -5.38191314e-09,  3.81324938e-10],
       [-8.69093126e-16,  1.42137415e-05, -1.00840108e-06,
        -5.38775347e-09,  3.80307358e-10],
       [-8.73932551e-16,  1.41886871e-05, -1.00694557e-06,
        -5.39203980e-09,  3.78743518e-10],
       [-8.72280831e-16,  1.43100702e-05, -1.00161709e-06,
        -5.36336266e-09,  3.78781122e-10],
       [-8.71115360e-16,  1.42303116e-05, -1.00895366e-06,
        -5.40780968e-09,  3.79976252e-10],
       [-8.70913128e-16,  1.42125682e-05, -1.00976559e-06,
        -5.39563780e-09,  3.79466603e-10]])
'---After Selection population: 8---'
array([[-8.70008859e-16,  1.42111536e-05, -1.00719598e-06,
        -5.38727290e-09,  3.79511816e-10],
       [-8.70860719e-16,  1.42190795e-05, -1.00896038e-06,
        -5.39526332e-09,  3.79159466e-10],
       [-8.70130553e-16,  1.42122858e-05, -1.00873694e-06,
        -5.38841439e-09,  3.79566552e-10],
       [-8.75349016e-16,  1.42292689e-05, -1.00464476e-06,
        -5.38191314e-09,  3.81324938e-10],
       [-8.69093126e-16,  1.42137415e-05, -1.00840108e-06,
        -5.38775347e-09,  3.80307358e-10],
       [-8.73932551e-16,  1.41886871e-05, -1.00694557e-06,
        -5.39203980e-09,  3.78743518e-10],
       [-8.72280831e-16,  1.43100702e-05, -1.00161709e-06,
        -5.36336266e-09,  3.78781122e-10],
       [-8.71115360e-16,  1.42303116e-05, -1.00895366e-06,
        -5.40780968e-09,  3.79976252e-10],
       [-8.70913128e-16,  1.42125682e-05, -1.00976559e-06,
        -5.39563780e-09,  3.79466603e-10]])
'-----------GENERATION: 9--------------'
array([[-8.70008859e-16,  1.42111536e-05, -1.00719598e-06,
        -5.38727290e-09,  3.79511816e-10],
       [-8.69093126e-16,  1.42137415e-05, -1.00840108e-06,
        -5.38775347e-09,  3.80307358e-10],
       [-8.71115360e-16,  1.42303116e-05, -1.00895366e-06,
        -5.40780968e-09,  3.79976252e-10],
       [-8.70130553e-16,  1.42122858e-05, -1.00873694e-06,
        -5.38841439e-09,  3.79566552e-10],
       [-8.73932551e-16,  1.41886871e-05, -1.00694557e-06,
        -5.39203980e-09,  3.78743518e-10],
       [-8.70860719e-16,  1.42190795e-05, -1.00896038e-06,
        -5.39526332e-09,  3.79159466e-10],
       [-8.70913128e-16,  1.42125682e-05, -1.00976559e-06,
        -5.39563780e-09,  3.79466603e-10],
       [-8.75349016e-16,  1.42292689e-05, -1.00464476e-06,
        -5.38191314e-09,  3.81324938e-10],
       [-8.72280831e-16,  1.43100702e-05, -1.00161709e-06,
        -5.36336266e-09,  3.78781122e-10]])
'---Train Fitness: 9---'
array([2.27740528e+11, 2.23737157e+11, 2.33163932e+11, 2.33559135e+11,
       2.39723236e+11, 2.40357078e+11, 2.41050166e+11, 2.02878868e+11,
       2.05527127e+11])
'---Test Fitness: 9---'
array([2.27893991e+11, 2.28506802e+11, 2.24145027e+11, 2.23717673e+11,
       2.23729366e+11, 2.21524213e+11, 2.20389757e+11, 2.56366935e+11,
       2.59792007e+11])
'---After crossover population: 9---'
array([[-8.70008859e-16,  1.42111536e-05, -1.00719598e-06,
        -5.38727290e-09,  3.79511816e-10],
       [-8.70115341e-16,  1.42121443e-05, -1.00854432e-06,
        -5.38827170e-09,  3.79559710e-10],
       [-8.70024071e-16,  1.42112951e-05, -1.00738860e-06,
        -5.38741558e-09,  3.79518658e-10],
       [-8.70938407e-16,  1.42147861e-05, -1.00966409e-06,
        -5.39715928e-09,  3.79530309e-10],
       [-8.71090081e-16,  1.42280937e-05, -1.00905515e-06,
        -5.40628820e-09,  3.79912545e-10],
       [-8.71084091e-16,  1.42247559e-05, -1.00874702e-06,
        -5.39160341e-09,  3.79380918e-10],
       [-8.72109868e-16,  1.42978825e-05, -1.00263565e-06,
        -5.36739705e-09,  3.78866807e-10],
