'\n-----------GENERATION: 0--------------'
array([[ 0.00000000e+00, -1.45799022e-12, -2.28980078e-13,
         4.62010753e-11, -1.75214813e-10, -1.83669770e-15,
         8.52944060e-16,  2.29423303e-05, -2.04721003e-06,
        -1.59792834e-08,  9.98214034e-10],
       [ 0.00000000e+00, -1.45799022e-12, -2.28980078e-13,
         4.62010753e-11, -1.75214813e-10, -1.83669770e-15,
         8.52944060e-16,  2.29423303e-05, -2.04721003e-06,
        -1.59792834e-08,  9.98214034e-10],
       [ 0.00000000e+00, -1.45799022e-12, -2.28980078e-13,
         4.62010753e-11, -1.75214813e-10, -1.83669770e-15,
         8.52944060e-16,  2.29423303e-05, -2.04721003e-06,
        -1.59792834e-08,  9.98214034e-10],
       [ 0.00000000e+00, -1.45799022e-12, -2.28980078e-13,
         4.62010753e-11, -1.75214813e-10, -1.83669770e-15,
         8.52944060e-16,  2.29423303e-05, -2.04721003e-06,
        -1.59792834e-08,  9.98214034e-10],
       [ 0.00000000e+00, -1.45799022e-12, -2.28980078e-13,
         4.62010753e-11, -1.75214813e-10, -1.83669770e-15,
         8.52944060e-16,  2.29423303e-05, -2.04721003e-06,
        -1.59792834e-08,  9.98214034e-10],
       [ 0.00000000e+00, -1.45799022e-12, -2.28980078e-13,
         4.62010753e-11, -1.75214813e-10, -1.83669770e-15,
         8.52944060e-16,  2.29423303e-05, -2.04721003e-06,
        -1.59792834e-08,  9.98214034e-10],
       [ 0.00000000e+00, -1.45799022e-12, -2.28980078e-13,
         4.62010753e-11, -1.75214813e-10, -1.83669770e-15,
         8.52944060e-16,  2.29423303e-05, -2.04721003e-06,
        -1.59792834e-08,  9.98214034e-10],
       [ 0.00000000e+00, -1.45799022e-12, -2.28980078e-13,
         4.62010753e-11, -1.75214813e-10, -1.83669770e-15,
         8.52944060e-16,  2.29423303e-05, -2.04721003e-06,
        -1.59792834e-08,  9.98214034e-10],
       [ 0.00000000e+00, -1.45799022e-12, -2.28980078e-13,
         4.62010753e-11, -1.75214813e-10, -1.83669770e-15,
         8.52944060e-16,  2.29423303e-05, -2.04721003e-06,
        -1.59792834e-08,  9.98214034e-10]])
'---Train Fitness: 0---'
array([1.35107233e+10, 1.35107233e+10, 1.35107233e+10, 1.35107233e+10,
       1.35107233e+10, 1.35107233e+10, 1.35107233e+10, 1.35107233e+10,
       1.35107233e+10])
'---Test Fitness: 0---'
array([3.68296593e+11, 3.68296593e+11, 3.68296593e+11, 3.68296593e+11,
       3.68296593e+11, 3.68296593e+11, 3.68296593e+11, 3.68296593e+11,
       3.68296593e+11])
'---After crossover population: 0---'
array([[ 0.00000000e+00, -1.45799022e-12, -2.28980078e-13,
         4.62010753e-11, -1.75214813e-10, -1.83669770e-15,
         8.52944060e-16,  2.29423303e-05, -2.04721003e-06,
        -1.59792834e-08,  9.98214034e-10],
       [ 0.00000000e+00, -1.45799022e-12, -2.28980078e-13,
         4.62010753e-11, -1.75214813e-10, -1.83669770e-15,
         8.52944060e-16,  2.29423303e-05, -2.04721003e-06,
        -1.59792834e-08,  9.98214034e-10],
       [ 0.00000000e+00, -1.45799022e-12, -2.28980078e-13,
         4.62010753e-11, -1.75214813e-10, -1.83669770e-15,
         8.52944060e-16,  2.29423303e-05, -2.04721003e-06,
        -1.59792834e-08,  9.98214034e-10],
       [ 0.00000000e+00, -1.45799022e-12, -2.28980078e-13,
         4.62010753e-11, -1.75214813e-10, -1.83669770e-15,
         8.52944060e-16,  2.29423303e-05, -2.04721003e-06,
        -1.59792834e-08,  9.98214034e-10],
       [ 0.00000000e+00, -1.45799022e-12, -2.28980078e-13,
         4.62010753e-11, -1.75214813e-10, -1.83669770e-15,
         8.52944060e-16,  2.29423303e-05, -2.04721003e-06,
        -1.59792834e-08,  9.98214034e-10],
       [ 0.00000000e+00, -1.45799022e-12, -2.28980078e-13,
         4.62010753e-11, -1.75214813e-10, -1.83669770e-15,
         8.52944060e-16,  2.29423303e-05, -2.04721003e-06,
        -1.59792834e-08,  9.98214034e-10],
       [ 0.00000000e+00, -1.45799022e-12, -2.28980078e-13,
         4.62010753e-11, -1.75214813e-10, -1.83669770e-15,
         8.52944060e-16,  2.29423303e-05, -2.04721003e-06,
        -1.59792834e-08,  9.98214034e-10],
       [ 0.00000000e+00, -1.45799022e-12, -2.28980078e-13,
         4.62010753e-11, -1.75214813e-10, -1.83669770e-15,
         8.52944060e-16,  2.29423303e-05, -2.04721003e-06,
        -1.59792834e-08,  9.98214034e-10],
       [ 0.00000000e+00, -1.45799022e-12, -2.28980078e-13,
         4.62010753e-11, -1.75214813e-10, -1.83669770e-15,
         8.52944060e-16,  2.29423303e-05, -2.04721003e-06,
        -1.59792834e-08,  9.98214034e-10]])
'---After mutation population: 0---'
array([[ 0.00000000e+00, -1.45799022e-12, -2.28980078e-13,
         4.62010753e-11, -1.75214813e-10, -1.83669770e-15,
         8.52944060e-16,  2.29423303e-05, -2.04721003e-06,
        -1.59792834e-08,  9.98214034e-10],
       [ 0.00000000e+00, -1.45799022e-12, -2.28458756e-13,
         4.62010753e-11, -1.76140461e-10, -1.83669770e-15,
         8.52944060e-16,  2.29423303e-05, -2.04721003e-06,
        -1.59792834e-08,  1.00017691e-09],
       [ 0.00000000e+00, -1.45799022e-12, -2.28865645e-13,
         4.61868903e-11, -1.74829582e-10, -1.83669770e-15,
         8.52944060e-16,  2.30049642e-05, -2.04628915e-06,
        -1.59792834e-08,  9.98214034e-10],
       [ 0.00000000e+00, -1.45799022e-12, -2.28980078e-13,
         4.62826632e-11, -1.76076697e-10, -1.83669770e-15,
         8.53714763e-16,  2.29423303e-05, -2.04651722e-06,
        -1.59792834e-08,  9.98214034e-10],
       [ 0.00000000e+00, -1.45799022e-12, -2.28980078e-13,
         4.60486295e-11, -1.75254426e-10, -1.83204157e-15,
         8.51572826e-16,  2.29348721e-05, -2.04711055e-06,
        -1.59174973e-08,  9.98865466e-10],
       [ 0.00000000e+00, -1.45891905e-12, -2.28465604e-13,
         4.61903575e-11, -1.75259974e-10, -1.83669770e-15,
         8.52944060e-16,  2.29983398e-05, -2.04721003e-06,
        -1.59688635e-08,  9.98214034e-10],
       [ 0.00000000e+00, -1.45799022e-12, -2.28980078e-13,
         4.62010753e-11, -1.74619644e-10, -1.83669770e-15,
         8.54083298e-16,  2.28213537e-05, -2.05049409e-06,
        -1.59792834e-08,  9.98214034e-10],
       [ 0.00000000e+00, -1.46000296e-12, -2.29036492e-13,
         4.62010753e-11, -1.74970416e-10, -1.83669770e-15,
         8.54435508e-16,  2.30486393e-05, -2.04820636e-06,
        -1.59792834e-08,  9.98214034e-10],
       [ 0.00000000e+00, -1.46023492e-12, -2.29570540e-13,
         4.62010753e-11, -1.75566908e-10, -1.83669770e-15,
         8.53851359e-16,  2.29423303e-05, -2.04721003e-06,
        -1.59243600e-08,  1.00324425e-09]])
'---After Selection population: 0---'
array([[ 0.00000000e+00, -1.45799022e-12, -2.28980078e-13,
         4.62010753e-11, -1.75214813e-10, -1.83669770e-15,
         8.52944060e-16,  2.29423303e-05, -2.04721003e-06,
        -1.59792834e-08,  9.98214034e-10],
       [ 0.00000000e+00, -1.45799022e-12, -2.28458756e-13,
         4.62010753e-11, -1.76140461e-10, -1.83669770e-15,
         8.52944060e-16,  2.29423303e-05, -2.04721003e-06,
        -1.59792834e-08,  1.00017691e-09],
       [ 0.00000000e+00, -1.45799022e-12, -2.28865645e-13,
         4.61868903e-11, -1.74829582e-10, -1.83669770e-15,
         8.52944060e-16,  2.30049642e-05, -2.04628915e-06,
        -1.59792834e-08,  9.98214034e-10],
       [ 0.00000000e+00, -1.45799022e-12, -2.28980078e-13,
         4.62826632e-11, -1.76076697e-10, -1.83669770e-15,
         8.53714763e-16,  2.29423303e-05, -2.04651722e-06,
        -1.59792834e-08,  9.98214034e-10],
       [ 0.00000000e+00, -1.45799022e-12, -2.28980078e-13,
         4.60486295e-11, -1.75254426e-10, -1.83204157e-15,
         8.51572826e-16,  2.29348721e-05, -2.04711055e-06,
        -1.59174973e-08,  9.98865466e-10],
       [ 0.00000000e+00, -1.45891905e-12, -2.28465604e-13,
         4.61903575e-11, -1.75259974e-10, -1.83669770e-15,
         8.52944060e-16,  2.29983398e-05, -2.04721003e-06,
        -1.59688635e-08,  9.98214034e-10],
       [ 0.00000000e+00, -1.45799022e-12, -2.28980078e-13,
         4.62010753e-11, -1.74619644e-10, -1.83669770e-15,
         8.54083298e-16,  2.28213537e-05, -2.05049409e-06,
        -1.59792834e-08,  9.98214034e-10],
       [ 0.00000000e+00, -1.46000296e-12, -2.29036492e-13,
         4.62010753e-11, -1.74970416e-10, -1.83669770e-15,
         8.54435508e-16,  2.30486393e-05, -2.04820636e-06,
        -1.59792834e-08,  9.98214034e-10],
       [ 0.00000000e+00, -1.46023492e-12, -2.29570540e-13,
         4.62010753e-11, -1.75566908e-10, -1.83669770e-15,
         8.53851359e-16,  2.29423303e-05, -2.04721003e-06,
        -1.59243600e-08,  1.00324425e-09]])
'\n-----------GENERATION: 1--------------'
array([[ 0.00000000e+00, -1.45799022e-12, -2.28980078e-13,
         4.62010753e-11, -1.75214813e-10, -1.83669770e-15,
         8.52944060e-16,  2.29423303e-05, -2.04721003e-06,
        -1.59792834e-08,  9.98214034e-10],
       [ 0.00000000e+00, -1.45799022e-12, -2.28980078e-13,
         4.62826632e-11, -1.76076697e-10, -1.83669770e-15,
         8.53714763e-16,  2.29423303e-05, -2.04651722e-06,
        -1.59792834e-08,  9.98214034e-10],
       [ 0.00000000e+00, -1.46000296e-12, -2.29036492e-13,
         4.62010753e-11, -1.74970416e-10, -1.83669770e-15,
         8.54435508e-16,  2.30486393e-05, -2.04820636e-06,
        -1.59792834e-08,  9.98214034e-10],
       [ 0.00000000e+00, -1.45891905e-12, -2.28465604e-13,
         4.61903575e-11, -1.75259974e-10, -1.83669770e-15,
         8.52944060e-16,  2.29983398e-05, -2.04721003e-06,
        -1.59688635e-08,  9.98214034e-10],
       [ 0.00000000e+00, -1.45799022e-12, -2.28865645e-13,
         4.61868903e-11, -1.74829582e-10, -1.83669770e-15,
         8.52944060e-16,  2.30049642e-05, -2.04628915e-06,
        -1.59792834e-08,  9.98214034e-10],
       [ 0.00000000e+00, -1.45799022e-12, -2.28980078e-13,
         4.62010753e-11, -1.74619644e-10, -1.83669770e-15,
         8.54083298e-16,  2.28213537e-05, -2.05049409e-06,
        -1.59792834e-08,  9.98214034e-10],
       [ 0.00000000e+00, -1.45799022e-12, -2.28458756e-13,
         4.62010753e-11, -1.76140461e-10, -1.83669770e-15,
         8.52944060e-16,  2.29423303e-05, -2.04721003e-06,
        -1.59792834e-08,  1.00017691e-09],
       [ 0.00000000e+00, -1.45799022e-12, -2.28980078e-13,
         4.60486295e-11, -1.75254426e-10, -1.83204157e-15,
         8.51572826e-16,  2.29348721e-05, -2.04711055e-06,
        -1.59174973e-08,  9.98865466e-10],
       [ 0.00000000e+00, -1.46023492e-12, -2.29570540e-13,
         4.62010753e-11, -1.75566908e-10, -1.83669770e-15,
         8.53851359e-16,  2.29423303e-05, -2.04721003e-06,
        -1.59243600e-08,  1.00324425e-09]])
'---Train Fitness: 1---'
array([1.35107233e+10, 1.36447304e+10, 1.37255418e+10, 1.39012248e+10,
       1.41581040e+10, 1.55333608e+10, 1.58262657e+10, 1.58649654e+10,
       3.23702200e+10])
'---Test Fitness: 1---'
array([3.68296593e+11, 3.75363810e+11, 3.79914903e+11, 3.85252356e+11,
       3.91009496e+11, 3.16176557e+11, 4.20117267e+11, 4.20536026e+11,
       5.52807021e+11])
'---After crossover population: 1---'
array([[ 0.00000000e+00, -1.45799022e-12, -2.28980078e-13,
         4.62010753e-11, -1.75214813e-10, -1.83669770e-15,
         8.52944060e-16,  2.29423303e-05, -2.04721003e-06,
        -1.59792834e-08,  9.98214034e-10],
       [ 0.00000000e+00, -1.45880294e-12, -2.28529913e-13,
         4.61726415e-11, -1.75259280e-10, -1.83611568e-15,
         8.52772656e-16,  2.29904063e-05, -2.04719760e-06,
        -1.59624427e-08,  9.98295463e-10],
       [ 0.00000000e+00, -1.45810632e-12, -2.28915769e-13,
         4.60663455e-11, -1.75255120e-10, -1.83262359e-15,
         8.51744230e-16,  2.29428055e-05, -2.04712299e-06,
        -1.59239181e-08,  9.98784037e-10],
       [ 0.00000000e+00, -1.45799022e-12, -2.28914913e-13,
         4.62010753e-11, -1.75330519e-10, -1.83669770e-15,
         8.52944060e-16,  2.29423303e-05, -2.04721003e-06,
        -1.59792834e-08,  9.98459393e-10],
       [ 0.00000000e+00, -1.45799022e-12, -2.28523921e-13,
         4.62010753e-11, -1.76024755e-10, -1.83669770e-15,
         8.52944060e-16,  2.29423303e-05, -2.04721003e-06,
        -1.59792834e-08,  9.99931550e-10],
       [ 0.00000000e+00, -1.45799022e-12, -2.28980078e-13,
         4.60778837e-11, -1.75357210e-10, -1.83262359e-15,
         8.51840568e-16,  2.29358043e-05, -2.04703639e-06,
        -1.59252206e-08,  9.98784037e-10],
       [ 0.00000000e+00, -1.45799022e-12, -2.28980078e-13,
         4.62534090e-11, -1.75973913e-10, -1.83611568e-15,
         8.53447020e-16,  2.29413980e-05, -2.04659139e-06,
        -1.59715601e-08,  9.98295463e-10],
       [ 0.00000000e+00, -1.45799022e-12, -2.28965774e-13,
         4.61993022e-11, -1.74645886e-10, -1.83669770e-15,
         8.53940894e-16,  2.28443050e-05, -2.04996847e-06,
        -1.59792834e-08,  9.98214034e-10],
       [ 0.00000000e+00, -1.45799022e-12, -2.28879949e-13,
         4.61886634e-11, -1.74803340e-10, -1.83669770e-15,
         8.53086465e-16,  2.29820129e-05, -2.04681477e-06,
        -1.59792834e-08,  9.98214034e-10]])
'---After mutation population: 1---'
array([[ 0.00000000e+00, -1.45799022e-12, -2.28980078e-13,
         4.62010753e-11, -1.75214813e-10, -1.83669770e-15,
         8.52944060e-16,  2.29423303e-05, -2.04721003e-06,
        -1.59792834e-08,  9.98214034e-10],
       [ 0.00000000e+00, -1.45880294e-12, -2.28529913e-13,
         4.62030005e-11, -1.75381518e-10, -1.83611568e-15,
         8.52772656e-16,  2.30230098e-05, -2.04719760e-06,
        -1.59419181e-08,  9.98295463e-10],
       [ 0.00000000e+00, -1.45810632e-12, -2.28765839e-13,
         4.60663455e-11, -1.75255120e-10, -1.83832324e-15,
         8.51744230e-16,  2.30221679e-05, -2.04712299e-06,
        -1.59647945e-08,  9.98284665e-10],
       [ 0.00000000e+00, -1.45799022e-12, -2.28914913e-13,
         4.62010753e-11, -1.75330519e-10, -1.84249141e-15,
         8.49510653e-16,  2.29423303e-05, -2.04721003e-06,
        -1.59792834e-08,  1.00038861e-09],
       [ 0.00000000e+00, -1.45799022e-12, -2.28523921e-13,
         4.62010753e-11, -1.76334406e-10, -1.83022965e-15,
         8.53200875e-16,  2.29453738e-05, -2.04721003e-06,
        -1.60459744e-08,  1.00115763e-09],
       [ 0.00000000e+00, -1.45799022e-12, -2.28980078e-13,
         4.60823817e-11, -1.75503992e-10, -1.82820948e-15,
         8.51840568e-16,  2.28987034e-05, -2.05065279e-06,
        -1.59941593e-08,  9.98784037e-10],
       [ 0.00000000e+00, -1.45969446e-12, -2.29532885e-13,
         4.62534090e-11, -1.75973913e-10, -1.83611568e-15,
         8.53447020e-16,  2.29331453e-05, -2.04659139e-06,
        -1.59715601e-08,  9.98295463e-10],
       [ 0.00000000e+00, -1.45799022e-12, -2.28965774e-13,
         4.61993022e-11, -1.74645886e-10, -1.83225910e-15,
         8.54581092e-16,  2.28722371e-05, -2.04996847e-06,
        -1.59890796e-08,  1.00011346e-09],
       [ 0.00000000e+00, -1.45799022e-12, -2.28587843e-13,
         4.60404531e-11, -1.74683532e-10, -1.84402220e-15,
         8.53086465e-16,  2.29820129e-05, -2.04770240e-06,
        -1.59792834e-08,  9.99876554e-10]])
'---After Selection population: 1---'
array([[ 0.00000000e+00, -1.45799022e-12, -2.28980078e-13,
         4.62010753e-11, -1.75214813e-10, -1.83669770e-15,
         8.52944060e-16,  2.29423303e-05, -2.04721003e-06,
        -1.59792834e-08,  9.98214034e-10],
       [ 0.00000000e+00, -1.45880294e-12, -2.28529913e-13,
         4.62030005e-11, -1.75381518e-10, -1.83611568e-15,
         8.52772656e-16,  2.30230098e-05, -2.04719760e-06,
        -1.59419181e-08,  9.98295463e-10],
       [ 0.00000000e+00, -1.45810632e-12, -2.28765839e-13,
         4.60663455e-11, -1.75255120e-10, -1.83832324e-15,
         8.51744230e-16,  2.30221679e-05, -2.04712299e-06,
        -1.59647945e-08,  9.98284665e-10],
       [ 0.00000000e+00, -1.45799022e-12, -2.28914913e-13,
         4.62010753e-11, -1.75330519e-10, -1.84249141e-15,
         8.49510653e-16,  2.29423303e-05, -2.04721003e-06,
        -1.59792834e-08,  1.00038861e-09],
       [ 0.00000000e+00, -1.45799022e-12, -2.28523921e-13,
         4.62010753e-11, -1.76334406e-10, -1.83022965e-15,
         8.53200875e-16,  2.29453738e-05, -2.04721003e-06,
        -1.60459744e-08,  1.00115763e-09],
       [ 0.00000000e+00, -1.45799022e-12, -2.28980078e-13,
         4.60823817e-11, -1.75503992e-10, -1.82820948e-15,
         8.51840568e-16,  2.28987034e-05, -2.05065279e-06,
        -1.59941593e-08,  9.98784037e-10],
       [ 0.00000000e+00, -1.45969446e-12, -2.29532885e-13,
         4.62534090e-11, -1.75973913e-10, -1.83611568e-15,
         8.53447020e-16,  2.29331453e-05, -2.04659139e-06,
        -1.59715601e-08,  9.98295463e-10],
       [ 0.00000000e+00, -1.45799022e-12, -2.28965774e-13,
         4.61993022e-11, -1.74645886e-10, -1.83225910e-15,
         8.54581092e-16,  2.28722371e-05, -2.04996847e-06,
        -1.59890796e-08,  1.00011346e-09],
       [ 0.00000000e+00, -1.45799022e-12, -2.28587843e-13,
         4.60404531e-11, -1.74683532e-10, -1.84402220e-15,
         8.53086465e-16,  2.29820129e-05, -2.04770240e-06,
        -1.59792834e-08,  9.99876554e-10]])
'\n-----------GENERATION: 2--------------'
array([[ 0.00000000e+00, -1.45799022e-12, -2.28980078e-13,
         4.62010753e-11, -1.75214813e-10, -1.83669770e-15,
         8.52944060e-16,  2.29423303e-05, -2.04721003e-06,
        -1.59792834e-08,  9.98214034e-10],
       [ 0.00000000e+00, -1.45799022e-12, -2.28965774e-13,
         4.61993022e-11, -1.74645886e-10, -1.83225910e-15,
         8.54581092e-16,  2.28722371e-05, -2.04996847e-06,
        -1.59890796e-08,  1.00011346e-09],
       [ 0.00000000e+00, -1.45969446e-12, -2.29532885e-13,
         4.62534090e-11, -1.75973913e-10, -1.83611568e-15,
         8.53447020e-16,  2.29331453e-05, -2.04659139e-06,
        -1.59715601e-08,  9.98295463e-10],
       [ 0.00000000e+00, -1.45799022e-12, -2.28980078e-13,
         4.60823817e-11, -1.75503992e-10, -1.82820948e-15,
         8.51840568e-16,  2.28987034e-05, -2.05065279e-06,
        -1.59941593e-08,  9.98784037e-10],
       [ 0.00000000e+00, -1.45810632e-12, -2.28765839e-13,
         4.60663455e-11, -1.75255120e-10, -1.83832324e-15,
         8.51744230e-16,  2.30221679e-05, -2.04712299e-06,
        -1.59647945e-08,  9.98284665e-10],
       [ 0.00000000e+00, -1.45880294e-12, -2.28529913e-13,
         4.62030005e-11, -1.75381518e-10, -1.83611568e-15,
         8.52772656e-16,  2.30230098e-05, -2.04719760e-06,
        -1.59419181e-08,  9.98295463e-10],
       [ 0.00000000e+00, -1.45799022e-12, -2.28587843e-13,
         4.60404531e-11, -1.74683532e-10, -1.84402220e-15,
         8.53086465e-16,  2.29820129e-05, -2.04770240e-06,
        -1.59792834e-08,  9.99876554e-10],
       [ 0.00000000e+00, -1.45799022e-12, -2.28523921e-13,
         4.62010753e-11, -1.76334406e-10, -1.83022965e-15,
         8.53200875e-16,  2.29453738e-05, -2.04721003e-06,
        -1.60459744e-08,  1.00115763e-09],
       [ 0.00000000e+00, -1.45799022e-12, -2.28914913e-13,
         4.62010753e-11, -1.75330519e-10, -1.84249141e-15,
         8.49510653e-16,  2.29423303e-05, -2.04721003e-06,
        -1.59792834e-08,  1.00038861e-09]])
'---Train Fitness: 2---'
array([1.35107233e+10, 1.35476936e+10, 1.37279493e+10, 1.39456580e+10,
       1.42812093e+10, 1.50171918e+10, 1.51335530e+10, 1.55618867e+10,
       1.59681031e+10])
'---Test Fitness: 2---'
array([3.68296593e+11, 3.70575439e+11, 3.79015654e+11, 3.37404547e+11,
       3.94514711e+11, 4.07891869e+11, 4.11241022e+11, 4.13930639e+11,
       4.22882082e+11])
'---After crossover population: 2---'
array([[ 0.00000000e+00, -1.45799022e-12, -2.28980078e-13,
         4.62010753e-11, -1.75214813e-10, -1.83669770e-15,
         8.52944060e-16,  2.29423303e-05, -2.04721003e-06,
        -1.59792834e-08,  9.98214034e-10],
       [ 0.00000000e+00, -1.45809181e-12, -2.28923807e-13,
         4.60974590e-11, -1.75488683e-10, -1.82919776e-15,
         8.51957079e-16,  2.29142417e-05, -2.05022089e-06,
        -1.59876291e-08,  9.98722965e-10],
       [ 0.00000000e+00, -1.45870135e-12, -2.28586184e-13,
         4.61879231e-11, -1.75396827e-10, -1.83512741e-15,
         8.52656145e-16,  2.30074715e-05, -2.04762949e-06,
        -1.59484482e-08,  9.98356535e-10],
       [ 0.00000000e+00, -1.45799022e-12, -2.28978290e-13,
         4.62008537e-11, -1.75143697e-10, -1.83614288e-15,
         8.53148689e-16,  2.29335687e-05, -2.04755484e-06,
        -1.59805079e-08,  9.98451462e-10],
       [ 0.00000000e+00, -1.45799022e-12, -2.28967562e-13,
         4.61995238e-11, -1.74717002e-10, -1.83281393e-15,
         8.54376463e-16,  2.28809988e-05, -2.04962367e-06,
        -1.59878550e-08,  9.99876029e-10],
       [ 0.00000000e+00, -1.45948143e-12, -2.29463784e-13,
         4.62468673e-11, -1.75879026e-10, -1.83618844e-15,
         8.53384150e-16,  2.29342934e-05, -2.04666872e-06,
        -1.59725255e-08,  9.98285284e-10],
       [ 0.00000000e+00, -1.45820325e-12, -2.29049179e-13,
         4.62076170e-11, -1.75309701e-10, -1.83662495e-15,
         8.53006930e-16,  2.29411822e-05, -2.04713270e-06,
        -1.59783180e-08,  9.98224213e-10],
       [ 0.00000000e+00, -1.45799022e-12, -2.28931049e-13,
         4.60771406e-11, -1.75401435e-10, -1.83018607e-15,
         8.51996305e-16,  2.29091171e-05, -2.05028399e-06,
        -1.59922998e-08,  9.98920602e-10],
       [ 0.00000000e+00, -1.45799022e-12, -2.28636872e-13,
         4.60456942e-11, -1.74786090e-10, -1.84204561e-15,
         8.52930728e-16,  2.29715992e-05, -2.04807120e-06,
        -1.59811429e-08,  9.99739990e-10]])
'---After mutation population: 2---'
array([[ 0.00000000e+00, -1.45799022e-12, -2.28980078e-13,
         4.62010753e-11, -1.75214813e-10, -1.83669770e-15,
         8.52944060e-16,  2.29423303e-05, -2.04721003e-06,
        -1.59792834e-08,  9.98214034e-10],
       [ 0.00000000e+00, -1.46253849e-12, -2.28923807e-13,
         4.61166488e-11, -1.75295032e-10, -1.82534714e-15,
         8.51957079e-16,  2.29624703e-05, -2.05022089e-06,
        -1.59980289e-08,  9.98722965e-10],
       [ 0.00000000e+00, -1.45870135e-12, -2.29500168e-13,
         4.63059754e-11, -1.75396827e-10, -1.83210075e-15,
         8.53511088e-16,  2.30074715e-05, -2.04762949e-06,
        -1.58953164e-08,  9.99452192e-10],
       [ 0.00000000e+00, -1.45799022e-12, -2.28187619e-13,
         4.60175973e-11, -1.75380770e-10, -1.83591162e-15,
         8.55422407e-16,  2.29335687e-05, -2.04755484e-06,
        -1.59361934e-08,  9.96321643e-10],
       [ 0.00000000e+00, -1.45362582e-12, -2.29196935e-13,
         4.63438387e-11, -1.74717002e-10, -1.83864218e-15,
         8.53867471e-16,  2.28809988e-05, -2.04569193e-06,
        -1.60160909e-08,  1.00096193e-09],
       [ 0.00000000e+00, -1.45948143e-12, -2.29463784e-13,
         4.62468673e-11, -1.76383677e-10, -1.83445996e-15,
         8.53384150e-16,  2.28980818e-05, -2.04826178e-06,
        -1.59495610e-08,  9.98285284e-10],
       [ 0.00000000e+00, -1.45820325e-12, -2.28932854e-13,
         4.62076170e-11, -1.75309701e-10, -1.83963001e-15,
         8.53006930e-16,  2.28898995e-05, -2.04680151e-06,
        -1.59646101e-08,  9.98224213e-10],
       [ 0.00000000e+00, -1.45799022e-12, -2.28931049e-13,
         4.60758835e-11, -1.75401435e-10, -1.83018607e-15,
         8.51996305e-16,  2.29675586e-05, -2.05028399e-06,
        -1.59922998e-08,  1.00275459e-09],
       [ 0.00000000e+00, -1.45799022e-12, -2.28636872e-13,
         4.60456942e-11, -1.74786090e-10, -1.84320554e-15,
         8.51265532e-16,  2.29715992e-05, -2.03975031e-06,
        -1.59811429e-08,  1.00016520e-09]])
'---After Selection population: 2---'
array([[ 0.00000000e+00, -1.45799022e-12, -2.28980078e-13,
         4.62010753e-11, -1.75214813e-10, -1.83669770e-15,
         8.52944060e-16,  2.29423303e-05, -2.04721003e-06,
        -1.59792834e-08,  9.98214034e-10],
       [ 0.00000000e+00, -1.46253849e-12, -2.28923807e-13,
         4.61166488e-11, -1.75295032e-10, -1.82534714e-15,
         8.51957079e-16,  2.29624703e-05, -2.05022089e-06,
        -1.59980289e-08,  9.98722965e-10],
       [ 0.00000000e+00, -1.45870135e-12, -2.29500168e-13,
         4.63059754e-11, -1.75396827e-10, -1.83210075e-15,
         8.53511088e-16,  2.30074715e-05, -2.04762949e-06,
        -1.58953164e-08,  9.99452192e-10],
       [ 0.00000000e+00, -1.45799022e-12, -2.28187619e-13,
         4.60175973e-11, -1.75380770e-10, -1.83591162e-15,
         8.55422407e-16,  2.29335687e-05, -2.04755484e-06,
        -1.59361934e-08,  9.96321643e-10],
       [ 0.00000000e+00, -1.45362582e-12, -2.29196935e-13,
         4.63438387e-11, -1.74717002e-10, -1.83864218e-15,
         8.53867471e-16,  2.28809988e-05, -2.04569193e-06,
        -1.60160909e-08,  1.00096193e-09],
       [ 0.00000000e+00, -1.45948143e-12, -2.29463784e-13,
         4.62468673e-11, -1.76383677e-10, -1.83445996e-15,
         8.53384150e-16,  2.28980818e-05, -2.04826178e-06,
        -1.59495610e-08,  9.98285284e-10],
       [ 0.00000000e+00, -1.45820325e-12, -2.28932854e-13,
         4.62076170e-11, -1.75309701e-10, -1.83963001e-15,
         8.53006930e-16,  2.28898995e-05, -2.04680151e-06,
        -1.59646101e-08,  9.98224213e-10],
       [ 0.00000000e+00, -1.45799022e-12, -2.28931049e-13,
         4.60758835e-11, -1.75401435e-10, -1.83018607e-15,
         8.51996305e-16,  2.29675586e-05, -2.05028399e-06,
        -1.59922998e-08,  1.00275459e-09],
       [ 0.00000000e+00, -1.45799022e-12, -2.28636872e-13,
         4.60456942e-11, -1.74786090e-10, -1.84320554e-15,
         8.51265532e-16,  2.29715992e-05, -2.03975031e-06,
        -1.59811429e-08,  1.00016520e-09]])
'\n-----------GENERATION: 3--------------'
array([[ 0.00000000e+00, -1.45948143e-12, -2.29463784e-13,
         4.62468673e-11, -1.76383677e-10, -1.83445996e-15,
         8.53384150e-16,  2.28980818e-05, -2.04826178e-06,
        -1.59495610e-08,  9.98285284e-10],
       [ 0.00000000e+00, -1.46253849e-12, -2.28923807e-13,
         4.61166488e-11, -1.75295032e-10, -1.82534714e-15,
         8.51957079e-16,  2.29624703e-05, -2.05022089e-06,
        -1.59980289e-08,  9.98722965e-10],
       [ 0.00000000e+00, -1.45799022e-12, -2.28980078e-13,
         4.62010753e-11, -1.75214813e-10, -1.83669770e-15,
         8.52944060e-16,  2.29423303e-05, -2.04721003e-06,
        -1.59792834e-08,  9.98214034e-10],
       [ 0.00000000e+00, -1.45820325e-12, -2.28932854e-13,
         4.62076170e-11, -1.75309701e-10, -1.83963001e-15,
         8.53006930e-16,  2.28898995e-05, -2.04680151e-06,
        -1.59646101e-08,  9.98224213e-10],
       [ 0.00000000e+00, -1.45799022e-12, -2.28187619e-13,
         4.60175973e-11, -1.75380770e-10, -1.83591162e-15,
         8.55422407e-16,  2.29335687e-05, -2.04755484e-06,
        -1.59361934e-08,  9.96321643e-10],
       [ 0.00000000e+00, -1.45362582e-12, -2.29196935e-13,
         4.63438387e-11, -1.74717002e-10, -1.83864218e-15,
         8.53867471e-16,  2.28809988e-05, -2.04569193e-06,
        -1.60160909e-08,  1.00096193e-09],
       [ 0.00000000e+00, -1.45799022e-12, -2.28931049e-13,
         4.60758835e-11, -1.75401435e-10, -1.83018607e-15,
         8.51996305e-16,  2.29675586e-05, -2.05028399e-06,
        -1.59922998e-08,  1.00275459e-09],
       [ 0.00000000e+00, -1.45870135e-12, -2.29500168e-13,
         4.63059754e-11, -1.75396827e-10, -1.83210075e-15,
         8.53511088e-16,  2.30074715e-05, -2.04762949e-06,
        -1.58953164e-08,  9.99452192e-10],
       [ 0.00000000e+00, -1.45799022e-12, -2.28636872e-13,
         4.60456942e-11, -1.74786090e-10, -1.84320554e-15,
         8.51265532e-16,  2.29715992e-05, -2.03975031e-06,
        -1.59811429e-08,  1.00016520e-09]])
'---Train Fitness: 3---'
array([1.34645995e+10, 1.34947385e+10, 1.35107233e+10, 1.35240519e+10,
       1.38008622e+10, 1.62025132e+10, 1.95478553e+10, 1.98354757e+10,
       2.72572595e+10])
'---Test Fitness: 3---'
array([3.66521590e+11, 3.51262860e+11, 3.68296593e+11, 3.68020258e+11,
       3.39505340e+11, 4.23399574e+11, 4.60579063e+11, 4.62429387e+11,
       5.17472238e+11])
'---After crossover population: 3---'
array([[ 0.00000000e+00, -1.45948143e-12, -2.29463784e-13,
         4.62468673e-11, -1.76383677e-10, -1.83445996e-15,
         8.53384150e-16,  2.28980818e-05, -2.04826178e-06,
        -1.59495610e-08,  9.98285284e-10],
       [ 0.00000000e+00, -1.45763107e-12, -2.28965864e-13,
         4.62246447e-11, -1.75235613e-10, -1.83950653e-15,
         8.53114498e-16,  2.28887869e-05, -2.04666281e-06,
        -1.59710452e-08,  9.98566427e-10],
       [ 0.00000000e+00, -1.45419800e-12, -2.29163925e-13,
         4.63268110e-11, -1.74791089e-10, -1.83876566e-15,
         8.53759904e-16,  2.28821114e-05, -2.04583063e-06,
        -1.60096558e-08,  1.00061971e-09],
       [ 0.00000000e+00, -1.45799022e-12, -2.28838120e-13,
         4.60685977e-11, -1.75398852e-10, -1.83090177e-15,
         8.52424568e-16,  2.29633098e-05, -2.04994285e-06,
        -1.59852865e-08,  1.00195047e-09],
       [ 0.00000000e+00, -1.45799022e-12, -2.28280547e-13,
         4.60248831e-11, -1.75383353e-10, -1.83519593e-15,
         8.54994144e-16,  2.29378174e-05, -2.04789598e-06,
        -1.59432067e-08,  9.97125761e-10],
       [ 0.00000000e+00, -1.46199659e-12, -2.28924938e-13,
         4.61280198e-11, -1.75296865e-10, -1.82713250e-15,
         8.52088310e-16,  2.29533989e-05, -2.04979347e-06,
        -1.59938516e-08,  9.98660621e-10],
       [ 0.00000000e+00, -1.45874515e-12, -2.28931723e-13,
         4.61962460e-11, -1.75307867e-10, -1.83784465e-15,
         8.52875699e-16,  2.28989708e-05, -2.04722893e-06,
        -1.59687875e-08,  9.98286557e-10],
       [ 0.00000000e+00, -1.45863909e-12, -2.29429254e-13,
         4.62936806e-11, -1.75385936e-10, -1.83304191e-15,
         8.53448068e-16,  2.29927750e-05, -2.04752600e-06,
        -1.59039781e-08,  9.99298694e-10],
       [ 0.00000000e+00, -1.45826551e-12, -2.29003768e-13,
         4.62199118e-11, -1.75320591e-10, -1.83868885e-15,
         8.53069950e-16,  2.29045960e-05, -2.04690501e-06,
        -1.59559484e-08,  9.98377710e-10]])
'---After mutation population: 3---'
array([[ 0.00000000e+00, -1.45948143e-12, -2.29463784e-13,
         4.62468673e-11, -1.76383677e-10, -1.83445996e-15,
         8.53384150e-16,  2.28980818e-05, -2.04826178e-06,
        -1.59495610e-08,  9.98285284e-10],
       [ 0.00000000e+00, -1.45849547e-12, -2.28965864e-13,
         4.61910326e-11, -1.75461549e-10, -1.84027935e-15,
         8.54136507e-16,  2.28887869e-05, -2.04666281e-06,
        -1.59710452e-08,  9.97339294e-10],
       [ 0.00000000e+00, -1.45419800e-12, -2.29163925e-13,
         4.62125189e-11, -1.74861984e-10, -1.83991406e-15,
         8.53759904e-16,  2.28413320e-05, -2.04583063e-06,
        -1.59592848e-08,  1.00061971e-09],
       [ 0.00000000e+00, -1.45799022e-12, -2.28838120e-13,
         4.60685977e-11, -1.75751389e-10, -1.83090177e-15,
         8.52424568e-16,  2.30230574e-05, -2.05004738e-06,
        -1.59852865e-08,  1.00317513e-09],
       [ 0.00000000e+00, -1.45362592e-12, -2.28593854e-13,
         4.60248831e-11, -1.75383353e-10, -1.83519593e-15,
         8.54994144e-16,  2.29378174e-05, -2.04789598e-06,
        -1.59271486e-08,  9.97125761e-10],
       [ 0.00000000e+00, -1.46199659e-12, -2.28924938e-13,
         4.61948866e-11, -1.75296865e-10, -1.82978099e-15,
         8.52088310e-16,  2.29710514e-05, -2.05092943e-06,
        -1.59938516e-08,  9.98660621e-10],
       [ 0.00000000e+00, -1.45874515e-12, -2.28931723e-13,
         4.61962460e-11, -1.75307867e-10, -1.83791593e-15,
         8.52875699e-16,  2.28989708e-05, -2.04722893e-06,
        -1.59687875e-08,  9.96137089e-10],
       [ 0.00000000e+00, -1.45863909e-12, -2.29429254e-13,
         4.62706815e-11, -1.75385936e-10, -1.83820920e-15,
         8.53448068e-16,  2.29200517e-05, -2.04752600e-06,
        -1.59039781e-08,  9.99298694e-10],
       [ 0.00000000e+00, -1.45826551e-12, -2.29003768e-13,
         4.61825933e-11, -1.75320591e-10, -1.83491671e-15,
         8.55265063e-16,  2.29755894e-05, -2.05172895e-06,
        -1.59559484e-08,  9.98377710e-10]])
'---After Selection population: 3---'
array([[ 0.00000000e+00, -1.45948143e-12, -2.29463784e-13,
         4.62468673e-11, -1.76383677e-10, -1.83445996e-15,
         8.53384150e-16,  2.28980818e-05, -2.04826178e-06,
        -1.59495610e-08,  9.98285284e-10],
       [ 0.00000000e+00, -1.45849547e-12, -2.28965864e-13,
         4.61910326e-11, -1.75461549e-10, -1.84027935e-15,
         8.54136507e-16,  2.28887869e-05, -2.04666281e-06,
        -1.59710452e-08,  9.97339294e-10],
       [ 0.00000000e+00, -1.45419800e-12, -2.29163925e-13,
         4.62125189e-11, -1.74861984e-10, -1.83991406e-15,
         8.53759904e-16,  2.28413320e-05, -2.04583063e-06,
        -1.59592848e-08,  1.00061971e-09],
       [ 0.00000000e+00, -1.45799022e-12, -2.28838120e-13,
         4.60685977e-11, -1.75751389e-10, -1.83090177e-15,
         8.52424568e-16,  2.30230574e-05, -2.05004738e-06,
        -1.59852865e-08,  1.00317513e-09],
       [ 0.00000000e+00, -1.45362592e-12, -2.28593854e-13,
         4.60248831e-11, -1.75383353e-10, -1.83519593e-15,
         8.54994144e-16,  2.29378174e-05, -2.04789598e-06,
        -1.59271486e-08,  9.97125761e-10],
       [ 0.00000000e+00, -1.46199659e-12, -2.28924938e-13,
         4.61948866e-11, -1.75296865e-10, -1.82978099e-15,
         8.52088310e-16,  2.29710514e-05, -2.05092943e-06,
        -1.59938516e-08,  9.98660621e-10],
       [ 0.00000000e+00, -1.45874515e-12, -2.28931723e-13,
         4.61962460e-11, -1.75307867e-10, -1.83791593e-15,
         8.52875699e-16,  2.28989708e-05, -2.04722893e-06,
        -1.59687875e-08,  9.96137089e-10],
       [ 0.00000000e+00, -1.45863909e-12, -2.29429254e-13,
         4.62706815e-11, -1.75385936e-10, -1.83820920e-15,
         8.53448068e-16,  2.29200517e-05, -2.04752600e-06,
        -1.59039781e-08,  9.99298694e-10],
       [ 0.00000000e+00, -1.45826551e-12, -2.29003768e-13,
         4.61825933e-11, -1.75320591e-10, -1.83491671e-15,
         8.55265063e-16,  2.29755894e-05, -2.05172895e-06,
        -1.59559484e-08,  9.98377710e-10]])
'\n-----------GENERATION: 4--------------'
array([[ 0.00000000e+00, -1.45362592e-12, -2.28593854e-13,
         4.60248831e-11, -1.75383353e-10, -1.83519593e-15,
         8.54994144e-16,  2.29378174e-05, -2.04789598e-06,
        -1.59271486e-08,  9.97125761e-10],
       [ 0.00000000e+00, -1.45948143e-12, -2.29463784e-13,
         4.62468673e-11, -1.76383677e-10, -1.83445996e-15,
         8.53384150e-16,  2.28980818e-05, -2.04826178e-06,
        -1.59495610e-08,  9.98285284e-10],
       [ 0.00000000e+00, -1.45826551e-12, -2.29003768e-13,
         4.61825933e-11, -1.75320591e-10, -1.83491671e-15,
         8.55265063e-16,  2.29755894e-05, -2.05172895e-06,
        -1.59559484e-08,  9.98377710e-10],
       [ 0.00000000e+00, -1.46199659e-12, -2.28924938e-13,
         4.61948866e-11, -1.75296865e-10, -1.82978099e-15,
         8.52088310e-16,  2.29710514e-05, -2.05092943e-06,
        -1.59938516e-08,  9.98660621e-10],
       [ 0.00000000e+00, -1.45849547e-12, -2.28965864e-13,
         4.61910326e-11, -1.75461549e-10, -1.84027935e-15,
         8.54136507e-16,  2.28887869e-05, -2.04666281e-06,
        -1.59710452e-08,  9.97339294e-10],
       [ 0.00000000e+00, -1.45874515e-12, -2.28931723e-13,
         4.61962460e-11, -1.75307867e-10, -1.83791593e-15,
         8.52875699e-16,  2.28989708e-05, -2.04722893e-06,
        -1.59687875e-08,  9.96137089e-10],
       [ 0.00000000e+00, -1.45863909e-12, -2.29429254e-13,
         4.62706815e-11, -1.75385936e-10, -1.83820920e-15,
         8.53448068e-16,  2.29200517e-05, -2.04752600e-06,
        -1.59039781e-08,  9.99298694e-10],
       [ 0.00000000e+00, -1.45419800e-12, -2.29163925e-13,
         4.62125189e-11, -1.74861984e-10, -1.83991406e-15,
         8.53759904e-16,  2.28413320e-05, -2.04583063e-06,
        -1.59592848e-08,  1.00061971e-09],
       [ 0.00000000e+00, -1.45799022e-12, -2.28838120e-13,
         4.60685977e-11, -1.75751389e-10, -1.83090177e-15,
         8.52424568e-16,  2.30230574e-05, -2.05004738e-06,
        -1.59852865e-08,  1.00317513e-09]])
'---Train Fitness: 4---'
array([1.34229372e+10, 1.34645995e+10, 1.35851240e+10, 1.36348425e+10,
       1.37289093e+10, 1.52147572e+10, 1.64090071e+10, 1.70194873e+10,
       2.38269550e+10])
'---Test Fitness: 4---'
array([3.60498884e+11, 3.66521590e+11, 3.46820420e+11, 3.44679611e+11,
       3.44667587e+11, 3.17153822e+11, 4.28878740e+11, 4.34912812e+11,
       4.95351818e+11])
'---After crossover population: 4---'
array([[ 0.00000000e+00, -1.45362592e-12, -2.28593854e-13,
         4.60248831e-11, -1.75383353e-10, -1.83519593e-15,
         8.54994144e-16,  2.29378174e-05, -2.04789598e-06,
        -1.59271486e-08,  9.97125761e-10],
       [ 0.00000000e+00, -1.45979582e-12, -2.29396429e-13,
         4.62403697e-11, -1.76247826e-10, -1.83387509e-15,
         8.53222170e-16,  2.29072030e-05, -2.04859524e-06,
        -1.59550973e-08,  9.98332201e-10],
       [ 0.00000000e+00, -1.46168219e-12, -2.28992294e-13,
         4.62013842e-11, -1.75432717e-10, -1.83036586e-15,
         8.52250290e-16,  2.29619302e-05, -2.05059597e-06,
        -1.59883153e-08,  9.98613704e-10],
       [ 0.00000000e+00, -1.46155895e-12, -2.28930054e-13,
         4.61944048e-11, -1.75317451e-10, -1.83109328e-15,
         8.52344335e-16,  2.29607683e-05, -2.05039610e-06,
        -1.59910008e-08,  9.98495455e-10],
       [ 0.00000000e+00, -1.45893311e-12, -2.28960749e-13,
         4.61915143e-11, -1.75440964e-10, -1.83896705e-15,
         8.53880482e-16,  2.28990700e-05, -2.04719614e-06,
        -1.59738960e-08,  9.97504460e-10],
       [ 0.00000000e+00, -1.45893311e-12, -2.28960749e-13,
         4.61915143e-11, -1.75440964e-10, -1.83896705e-15,
         8.53880482e-16,  2.28990700e-05, -2.04719614e-06,
        -1.59738960e-08,  9.97504460e-10],
       [ 0.00000000e+00, -1.46155895e-12, -2.28930054e-13,
         4.61944048e-11, -1.75317451e-10, -1.83109328e-15,
         8.52344335e-16,  2.29607683e-05, -2.05039610e-06,
        -1.59910008e-08,  9.98495455e-10],
       [ 0.00000000e+00, -1.45862114e-12, -2.29371330e-13,
         4.62607254e-11, -1.75395388e-10, -1.83846797e-15,
         8.53534123e-16,  2.29161436e-05, -2.04741810e-06,
        -1.59123615e-08,  9.99053769e-10],
       [ 0.00000000e+00, -1.45851342e-12, -2.29023788e-13,
         4.62009887e-11, -1.75452097e-10, -1.84002058e-15,
         8.54050452e-16,  2.28926950e-05, -2.04677071e-06,
        -1.59626618e-08,  9.97584219e-10]])
'---After mutation population: 4---'
array([[ 0.00000000e+00, -1.45362592e-12, -2.28593854e-13,
         4.60248831e-11, -1.75383353e-10, -1.83519593e-15,
         8.54994144e-16,  2.29378174e-05, -2.04789598e-06,
        -1.59271486e-08,  9.97125761e-10],
       [ 0.00000000e+00, -1.46406072e-12, -2.29396429e-13,
         4.62403697e-11, -1.76247826e-10, -1.83387509e-15,
         8.53222170e-16,  2.28991894e-05, -2.04243807e-06,
        -1.59550973e-08,  9.94124506e-10],
       [ 0.00000000e+00, -1.46117999e-12, -2.28878636e-13,
         4.62013842e-11, -1.75432717e-10, -1.83036586e-15,
         8.52250290e-16,  2.29619302e-05, -2.05059597e-06,
        -1.59894110e-08,  9.98613704e-10],
       [ 0.00000000e+00, -1.46023693e-12, -2.29697998e-13,
         4.61330848e-11, -1.75317451e-10, -1.83109328e-15,
         8.54545331e-16,  2.29607683e-05, -2.05793064e-06,
        -1.59858801e-08,  9.97633771e-10],
       [ 0.00000000e+00, -1.45913176e-12, -2.28918892e-13,
         4.61915143e-11, -1.75440964e-10, -1.83993867e-15,
         8.51831971e-16,  2.28790796e-05, -2.04625826e-06,
        -1.59738960e-08,  9.98602766e-10],
       [ 0.00000000e+00, -1.45893311e-12, -2.28610787e-13,
         4.61915143e-11, -1.75606864e-10, -1.83460832e-15,
         8.55320354e-16,  2.29289745e-05, -2.04696851e-06,
        -1.59738960e-08,  9.97504460e-10],
       [ 0.00000000e+00, -1.46542807e-12, -2.28252495e-13,
         4.61380201e-11, -1.75541658e-10, -1.83109328e-15,
         8.52344335e-16,  2.29607683e-05, -2.04731934e-06,
        -1.59910008e-08,  9.98393058e-10],
       [ 0.00000000e+00, -1.45862114e-12, -2.29371330e-13,
         4.62607254e-11, -1.75395388e-10, -1.83499362e-15,
