'-----------GENERATION: 0--------------'
array([[-8.70833519e-16,  1.41989014e-05, -1.00447042e-06,
        -5.38521640e-09,  3.79881261e-10],
       [-8.70833519e-16,  1.41989014e-05, -1.00447042e-06,
        -5.38521640e-09,  3.79881261e-10],
       [-8.70833519e-16,  1.41989014e-05, -1.00447042e-06,
        -5.38521640e-09,  3.79881261e-10],
       [-8.70833519e-16,  1.41989014e-05, -1.00447042e-06,
        -5.38521640e-09,  3.79881261e-10],
       [-8.70833519e-16,  1.41989014e-05, -1.00447042e-06,
        -5.38521640e-09,  3.79881261e-10],
       [-8.70833519e-16,  1.41989014e-05, -1.00447042e-06,
        -5.38521640e-09,  3.79881261e-10],
       [-8.70833519e-16,  1.41989014e-05, -1.00447042e-06,
        -5.38521640e-09,  3.79881261e-10],
       [-8.70833519e-16,  1.41989014e-05, -1.00447042e-06,
        -5.38521640e-09,  3.79881261e-10],
       [-8.70833519e-16,  1.41989014e-05, -1.00447042e-06,
        -5.38521640e-09,  3.79881261e-10]])
'---Train Fitness: 0---'
array([2.15133189e+11, 2.15133189e+11, 2.15133189e+11, 2.15133189e+11,
       2.15133189e+11, 2.15133189e+11, 2.15133189e+11, 2.15133189e+11,
       2.15133189e+11])
'---Test Fitness: 0---'
array([2.39584209e+11, 2.39584209e+11, 2.39584209e+11, 2.39584209e+11,
       2.39584209e+11, 2.39584209e+11, 2.39584209e+11, 2.39584209e+11,
       2.39584209e+11])
'---After crossover population: 0---'
array([[-8.70833519e-16,  1.41989014e-05, -1.00447042e-06,
        -5.38521640e-09,  3.79881261e-10],
       [-8.70833519e-16,  1.41989014e-05, -1.00447042e-06,
        -5.38521640e-09,  3.79881261e-10],
       [-8.70833519e-16,  1.41989014e-05, -1.00447042e-06,
        -5.38521640e-09,  3.79881261e-10],
       [-8.70833519e-16,  1.41989014e-05, -1.00447042e-06,
        -5.38521640e-09,  3.79881261e-10],
       [-8.70833519e-16,  1.41989014e-05, -1.00447042e-06,
        -5.38521640e-09,  3.79881261e-10],
       [-8.70833519e-16,  1.41989014e-05, -1.00447042e-06,
        -5.38521640e-09,  3.79881261e-10],
       [-8.70833519e-16,  1.41989014e-05, -1.00447042e-06,
        -5.38521640e-09,  3.79881261e-10],
       [-8.70833519e-16,  1.41989014e-05, -1.00447042e-06,
        -5.38521640e-09,  3.79881261e-10],
       [-8.70833519e-16,  1.41989014e-05, -1.00447042e-06,
        -5.38521640e-09,  3.79881261e-10],
       [-8.70833519e-16,  1.41989014e-05, -1.00447042e-06,
        -5.38521640e-09,  3.79881261e-10],
       [-8.70833519e-16,  1.41989014e-05, -1.00447042e-06,
        -5.38521640e-09,  3.79881261e-10],
       [-8.70833519e-16,  1.41989014e-05, -1.00447042e-06,
        -5.38521640e-09,  3.79881261e-10],
       [-8.70833519e-16,  1.41989014e-05, -1.00447042e-06,
        -5.38521640e-09,  3.79881261e-10],
       [-8.70833519e-16,  1.41989014e-05, -1.00447042e-06,
        -5.38521640e-09,  3.79881261e-10],
       [-8.70833519e-16,  1.41989014e-05, -1.00447042e-06,
        -5.38521640e-09,  3.79881261e-10],
       [-8.70833519e-16,  1.41989014e-05, -1.00447042e-06,
        -5.38521640e-09,  3.79881261e-10],
       [-8.70833519e-16,  1.41989014e-05, -1.00447042e-06,
        -5.38521640e-09,  3.79881261e-10],
       [-8.70833519e-16,  1.41989014e-05, -1.00447042e-06,
        -5.38521640e-09,  3.79881261e-10],
       [-8.70833519e-16,  1.41989014e-05, -1.00447042e-06,
        -5.38521640e-09,  3.79881261e-10]])
'---After mutation population: 0---'
array([[-8.70833519e-16,  1.41989014e-05, -1.00447042e-06,
        -5.38521640e-09,  3.79881261e-10],
       [-8.69805810e-16,  1.41989014e-05, -1.00411925e-06,
        -5.38521640e-09,  3.81289137e-10],
       [-8.69483372e-16,  1.42656485e-05, -1.00446315e-06,
        -5.40139787e-09,  3.79694778e-10],
       [-8.72482912e-16,  1.41989014e-05, -1.00141876e-06,
        -5.38521640e-09,  3.79984130e-10],
       [-8.70833519e-16,  1.41999217e-05, -1.00499321e-06,
        -5.37419103e-09,  3.78534886e-10],
       [-8.67192261e-16,  1.41517977e-05, -1.00447042e-06,
        -5.38810926e-09,  3.79881261e-10],
       [-8.70833519e-16,  1.41922936e-05, -1.00447042e-06,
        -5.38521640e-09,  3.79881261e-10],
       [-8.69230755e-16,  1.41989014e-05, -1.00469106e-06,
        -5.38521640e-09,  3.79881261e-10],
       [-8.70104385e-16,  1.42412234e-05, -1.00807784e-06,
        -5.39727745e-09,  3.79881261e-10],
       [-8.70962750e-16,  1.41989014e-05, -1.00525061e-06,
        -5.38722675e-09,  3.81086166e-10],
       [-8.70833519e-16,  1.41998955e-05, -1.00647912e-06,
        -5.38521640e-09,  3.79047594e-10],
       [-8.70833519e-16,  1.41989014e-05, -1.00447042e-06,
        -5.37905660e-09,  3.79413741e-10],
       [-8.70833519e-16,  1.41883901e-05, -1.00447042e-06,
        -5.38521640e-09,  3.79825416e-10],
       [-8.71040808e-16,  1.42397685e-05, -1.00267334e-06,
        -5.38521640e-09,  3.79881261e-10],
       [-8.70833519e-16,  1.41989014e-05, -1.00447042e-06,
        -5.35849283e-09,  3.81183012e-10],
       [-8.70833519e-16,  1.42176626e-05, -1.00534225e-06,
        -5.38440881e-09,  3.80366018e-10],
       [-8.70833519e-16,  1.41989014e-05, -1.00660007e-06,
        -5.39264080e-09,  3.79881261e-10],
       [-8.70833519e-16,  1.42204977e-05, -1.00447042e-06,
        -5.38503939e-09,  3.80447855e-10],
       [-8.70833519e-16,  1.41989014e-05, -1.00447042e-06,
        -5.39260708e-09,  3.80615532e-10]])
'---After Selection population: 0---'
array([[-8.70833519e-16,  1.41989014e-05, -1.00447042e-06,
        -5.38521640e-09,  3.79881261e-10],
       [-8.69805810e-16,  1.41989014e-05, -1.00411925e-06,
        -5.38521640e-09,  3.81289137e-10],
       [-8.69483372e-16,  1.42656485e-05, -1.00446315e-06,
        -5.40139787e-09,  3.79694778e-10],
       [-8.72482912e-16,  1.41989014e-05, -1.00141876e-06,
        -5.38521640e-09,  3.79984130e-10],
       [-8.70833519e-16,  1.41999217e-05, -1.00499321e-06,
        -5.37419103e-09,  3.78534886e-10],
       [-8.67192261e-16,  1.41517977e-05, -1.00447042e-06,
        -5.38810926e-09,  3.79881261e-10],
       [-8.70833519e-16,  1.41922936e-05, -1.00447042e-06,
        -5.38521640e-09,  3.79881261e-10],
       [-8.69230755e-16,  1.41989014e-05, -1.00469106e-06,
        -5.38521640e-09,  3.79881261e-10],
       [-8.70104385e-16,  1.42412234e-05, -1.00807784e-06,
        -5.39727745e-09,  3.79881261e-10]])
'-----------GENERATION: 1--------------'
array([[-8.70104385e-16,  1.42412234e-05, -1.00807784e-06,
        -5.39727745e-09,  3.79881261e-10],
       [-8.70833519e-16,  1.41999217e-05, -1.00499321e-06,
        -5.37419103e-09,  3.78534886e-10],
       [-8.67192261e-16,  1.41517977e-05, -1.00447042e-06,
        -5.38810926e-09,  3.79881261e-10],
       [-8.69230755e-16,  1.41989014e-05, -1.00469106e-06,
        -5.38521640e-09,  3.79881261e-10],
       [-8.70833519e-16,  1.41922936e-05, -1.00447042e-06,
        -5.38521640e-09,  3.79881261e-10],
       [-8.70833519e-16,  1.41989014e-05, -1.00447042e-06,
        -5.38521640e-09,  3.79881261e-10],
       [-8.69483372e-16,  1.42656485e-05, -1.00446315e-06,
        -5.40139787e-09,  3.79694778e-10],
       [-8.72482912e-16,  1.41989014e-05, -1.00141876e-06,
        -5.38521640e-09,  3.79984130e-10],
       [-8.69805810e-16,  1.41989014e-05, -1.00411925e-06,
        -5.38521640e-09,  3.81289137e-10]])
'---Train Fitness: 1---'
array([2.27080752e+11, 2.27806766e+11, 2.17520956e+11, 2.15232187e+11,
       2.15589669e+11, 2.15133189e+11, 2.14628862e+11, 2.05508101e+11,
       2.01932151e+11])
'---Test Fitness: 1---'
array([2.28095621e+11, 2.30463824e+11, 2.34348794e+11, 2.38529709e+11,
       2.38948677e+11, 2.39584209e+11, 2.41574450e+11, 2.54926082e+11,
       2.54139309e+11])
'---After crossover population: 1---'
array([[-8.70104385e-16,  1.42412234e-05, -1.00807784e-06,
        -5.39727745e-09,  3.79881261e-10],
       [-8.70401701e-16,  1.42359331e-05, -1.00724545e-06,
        -5.39576982e-09,  3.79894120e-10],
       [-8.72185596e-16,  1.42041916e-05, -1.00225114e-06,
        -5.38672403e-09,  3.79971271e-10],
       [-8.69858315e-16,  1.42573051e-05, -1.00408260e-06,
        -5.39937519e-09,  3.79730947e-10],
       [-8.72107970e-16,  1.42072448e-05, -1.00179931e-06,
        -5.38723908e-09,  3.79947961e-10],
       [-8.72276738e-16,  1.41989014e-05, -1.00180022e-06,
        -5.38521640e-09,  3.79971271e-10],
       [-8.71039693e-16,  1.41989014e-05, -1.00408896e-06,
        -5.38521640e-09,  3.79894120e-10],
       [-8.70195526e-16,  1.42359331e-05, -1.00762691e-06,
        -5.39576982e-09,  3.79881261e-10],
       [-8.70742377e-16,  1.42041916e-05, -1.00492134e-06,
        -5.38672403e-09,  3.79881261e-10],
       [-8.68975943e-16,  1.41930134e-05, -1.00466348e-06,
        -5.38557800e-09,  3.79881261e-10],
       [-8.67447073e-16,  1.41576856e-05, -1.00449800e-06,
        -5.38774765e-09,  3.79881261e-10],
       [-8.71821581e-16,  1.41930134e-05, -1.00180022e-06,
        -5.38557800e-09,  3.79971271e-10],
       [-8.67853592e-16,  1.41576856e-05, -1.00408896e-06,
        -5.38774765e-09,  3.79894120e-10],
       [-8.70195526e-16,  1.42360607e-05, -1.00769226e-06,
        -5.39439164e-09,  3.79712964e-10],
       [-8.70742377e-16,  1.42050844e-05, -1.00537879e-06,
        -5.37707683e-09,  3.78703183e-10],
       [-8.72276738e-16,  1.41990289e-05, -1.00186557e-06,
        -5.38383823e-09,  3.79802975e-10],
       [-8.71039693e-16,  1.41997941e-05, -1.00454641e-06,
        -5.37556920e-09,  3.78716041e-10],
       [-8.69765505e-16,  1.42072448e-05, -1.00416223e-06,
        -5.38723908e-09,  3.81089842e-10],
       [-8.69523677e-16,  1.42573051e-05, -1.00442016e-06,
        -5.39937519e-09,  3.79894073e-10]])
'---After mutation population: 1---'
array([[-8.70104385e-16,  1.42412234e-05, -1.00807784e-06,
        -5.39727745e-09,  3.79881261e-10],
       [-8.73736127e-16,  1.42359331e-05, -1.00662826e-06,
        -5.39576982e-09,  3.79894120e-10],
       [-8.70857833e-16,  1.42555349e-05, -1.00225114e-06,
        -5.38672403e-09,  3.81376295e-10],
       [-8.69858315e-16,  1.42573051e-05, -1.00408260e-06,
        -5.39937519e-09,  3.79730947e-10],
       [-8.72445151e-16,  1.42072448e-05, -1.00058904e-06,
        -5.38723908e-09,  3.79947961e-10],
       [-8.72276738e-16,  1.41622417e-05, -1.00180022e-06,
        -5.38521640e-09,  3.79971271e-10],
       [-8.69690427e-16,  1.41989014e-05, -1.00408896e-06,
        -5.38521640e-09,  3.79894120e-10],
       [-8.71430795e-16,  1.42359331e-05, -1.00452863e-06,
        -5.37218731e-09,  3.79881261e-10],
       [-8.68668593e-16,  1.42041916e-05, -1.00492134e-06,
        -5.38672403e-09,  3.79336186e-10],
       [-8.68975943e-16,  1.41642392e-05, -1.00647329e-06,
        -5.38557800e-09,  3.80502651e-10],
       [-8.69354164e-16,  1.41576856e-05, -1.00449800e-06,
        -5.39429724e-09,  3.79758455e-10],
       [-8.73887728e-16,  1.41930134e-05, -1.00180022e-06,
        -5.38557800e-09,  3.79971271e-10],
       [-8.67636470e-16,  1.41576856e-05, -1.00408896e-06,
        -5.38774765e-09,  3.79894120e-10],
       [-8.70195526e-16,  1.42614536e-05, -1.00492040e-06,
        -5.38654336e-09,  3.80445393e-10],
       [-8.72242852e-16,  1.42050844e-05, -1.00537879e-06,
        -5.37707683e-09,  3.78703183e-10],
       [-8.72276738e-16,  1.42338188e-05, -1.00186557e-06,
        -5.39797348e-09,  3.79802975e-10],
       [-8.73392745e-16,  1.41997941e-05, -1.00454641e-06,
        -5.37497936e-09,  3.78716041e-10],
       [-8.69765505e-16,  1.42465844e-05, -1.00464884e-06,
        -5.38723908e-09,  3.81089842e-10],
       [-8.69523677e-16,  1.42573051e-05, -1.00442016e-06,
        -5.39937519e-09,  3.79894073e-10]])
'---After Selection population: 1---'
array([[-8.70104385e-16,  1.42412234e-05, -1.00807784e-06,
        -5.39727745e-09,  3.79881261e-10],
       [-8.73736127e-16,  1.42359331e-05, -1.00662826e-06,
        -5.39576982e-09,  3.79894120e-10],
       [-8.70857833e-16,  1.42555349e-05, -1.00225114e-06,
        -5.38672403e-09,  3.81376295e-10],
       [-8.69858315e-16,  1.42573051e-05, -1.00408260e-06,
        -5.39937519e-09,  3.79730947e-10],
       [-8.72445151e-16,  1.42072448e-05, -1.00058904e-06,
        -5.38723908e-09,  3.79947961e-10],
       [-8.72276738e-16,  1.41622417e-05, -1.00180022e-06,
        -5.38521640e-09,  3.79971271e-10],
       [-8.69690427e-16,  1.41989014e-05, -1.00408896e-06,
        -5.38521640e-09,  3.79894120e-10],
       [-8.71430795e-16,  1.42359331e-05, -1.00452863e-06,
        -5.37218731e-09,  3.79881261e-10],
       [-8.68668593e-16,  1.42041916e-05, -1.00492134e-06,
        -5.38672403e-09,  3.79336186e-10]])
'-----------GENERATION: 2--------------'
array([[-8.70104385e-16,  1.42412234e-05, -1.00807784e-06,
        -5.39727745e-09,  3.79881261e-10],
       [-8.73736127e-16,  1.42359331e-05, -1.00662826e-06,
        -5.39576982e-09,  3.79894120e-10],
       [-8.68668593e-16,  1.42041916e-05, -1.00492134e-06,
        -5.38672403e-09,  3.79336186e-10],
       [-8.69690427e-16,  1.41989014e-05, -1.00408896e-06,
        -5.38521640e-09,  3.79894120e-10],
       [-8.69858315e-16,  1.42573051e-05, -1.00408260e-06,
        -5.39937519e-09,  3.79730947e-10],
       [-8.71430795e-16,  1.42359331e-05, -1.00452863e-06,
        -5.37218731e-09,  3.79881261e-10],
       [-8.72276738e-16,  1.41622417e-05, -1.00180022e-06,
        -5.38521640e-09,  3.79971271e-10],
       [-8.72445151e-16,  1.42072448e-05, -1.00058904e-06,
        -5.38723908e-09,  3.79947961e-10],
       [-8.70857833e-16,  1.42555349e-05, -1.00225114e-06,
        -5.38672403e-09,  3.81376295e-10]])
'---Train Fitness: 2---'
array([2.27080752e+11, 2.23115004e+11, 2.20827509e+11, 2.13305216e+11,
       2.13407775e+11, 2.10777741e+11, 2.08856660e+11, 2.03330702e+11,
       1.94357511e+11])
'---Test Fitness: 2---'
array([2.28095621e+11, 2.33235188e+11, 2.33882176e+11, 2.41212231e+11,
       2.43088631e+11, 2.45602672e+11, 2.48687632e+11, 2.59501453e+11,
       2.73136007e+11])
'---After crossover population: 2---'
array([[-8.70104385e-16,  1.42412234e-05, -1.00807784e-06,
        -5.39727745e-09,  3.79881261e-10],
       [-8.70763652e-16,  1.42537459e-05, -1.00297948e-06,
        -5.38804321e-09,  3.81189416e-10],
       [-8.70198566e-16,  1.42430123e-05, -1.00734950e-06,
        -5.39595827e-09,  3.80068140e-10],
       [-8.73230414e-16,  1.42313042e-05, -1.00631085e-06,
        -5.39445064e-09,  3.79894120e-10],
       [-8.70196140e-16,  1.42035304e-05, -1.00440637e-06,
        -5.38653557e-09,  3.79894120e-10],
       [-8.71953449e-16,  1.41668242e-05, -1.00208631e-06,
        -5.38521640e-09,  3.79961627e-10],
       [-8.70013716e-16,  1.41943189e-05, -1.00380287e-06,
        -5.38521640e-09,  3.79903764e-10],
       [-8.71234235e-16,  1.42386046e-05, -1.00447287e-06,
        -5.37558579e-09,  3.79862472e-10],
       [-8.70054875e-16,  1.42546336e-05, -1.00413836e-06,
        -5.39597670e-09,  3.79749736e-10],
       [-8.70375929e-16,  1.42313507e-05, -1.00729313e-06,
        -5.39576982e-09,  3.79892512e-10],
       [-8.72005194e-16,  1.41721144e-05, -1.00258492e-06,
        -5.38672403e-09,  3.79960020e-10],
       [-8.69836353e-16,  1.42059806e-05, -1.00385923e-06,
        -5.38540485e-09,  3.80079392e-10],
       [-8.70711908e-16,  1.42484557e-05, -1.00248087e-06,
        -5.38653557e-09,  3.81191023e-10],
       [-8.73574755e-16,  1.42323471e-05, -1.00587336e-06,
        -5.39470347e-09,  3.79900850e-10],
       [-8.72606523e-16,  1.42108308e-05, -1.00134394e-06,
        -5.38830542e-09,  3.79941231e-10],
       [-8.71953449e-16,  1.41668242e-05, -1.00208631e-06,
        -5.38521640e-09,  3.79961627e-10],
       [-8.70013716e-16,  1.41943189e-05, -1.00380287e-06,
        -5.38521640e-09,  3.79903764e-10],
       [-8.70732894e-16,  1.42557562e-05, -1.00248008e-06,
        -5.38830542e-09,  3.81170627e-10],
       [-8.69983254e-16,  1.42570839e-05, -1.00385367e-06,
        -5.39779379e-09,  3.79936616e-10]])
'---After mutation population: 2---'
array([[-8.70104385e-16,  1.42412234e-05, -1.00807784e-06,
        -5.39727745e-09,  3.79881261e-10],
       [-8.70478434e-16,  1.42537459e-05, -1.00297948e-06,
        -5.37182206e-09,  3.81367869e-10],
       [-8.67772495e-16,  1.42941830e-05, -1.00969870e-06,
        -5.40138896e-09,  3.80160095e-10],
       [-8.75201487e-16,  1.42313042e-05, -1.00341050e-06,
        -5.39445064e-09,  3.80661478e-10],
       [-8.68317774e-16,  1.42035304e-05, -1.00440637e-06,
        -5.38684751e-09,  3.79894120e-10],
       [-8.71953449e-16,  1.41146480e-05, -1.00690984e-06,
        -5.39161618e-09,  3.79994737e-10],
       [-8.70013716e-16,  1.41999733e-05, -1.00615557e-06,
        -5.37238285e-09,  3.79903764e-10],
       [-8.69830312e-16,  1.42565995e-05, -1.00508040e-06,
        -5.37558579e-09,  3.80677780e-10],
       [-8.71697753e-16,  1.42739574e-05, -1.00413836e-06,
        -5.39597670e-09,  3.80168324e-10],
       [-8.68948764e-16,  1.42313507e-05, -1.00729313e-06,
        -5.39576982e-09,  3.79224168e-10],
       [-8.72005194e-16,  1.41721144e-05, -1.00272564e-06,
        -5.38728077e-09,  3.79960020e-10],
       [-8.67543994e-16,  1.41788599e-05, -1.00245274e-06,
        -5.38741815e-09,  3.78953746e-10],
       [-8.71511943e-16,  1.42274723e-05, -1.00248087e-06,
        -5.38653557e-09,  3.79474835e-10],
       [-8.75135828e-16,  1.42323471e-05, -1.00829365e-06,
        -5.40110095e-09,  3.79900850e-10],
       [-8.72606523e-16,  1.42216679e-05, -1.00134394e-06,
        -5.38830542e-09,  3.78430953e-10],
       [-8.71953449e-16,  1.41668242e-05, -9.99252920e-07,
        -5.38821688e-09,  3.79961627e-10],
       [-8.70581540e-16,  1.41943189e-05, -1.00380287e-06,
        -5.38521640e-09,  3.77945616e-10],
       [-8.72813746e-16,  1.42557562e-05, -1.00248008e-06,
        -5.38830542e-09,  3.81170627e-10],
       [-8.70481941e-16,  1.42464363e-05, -1.00385367e-06,
        -5.39779379e-09,  3.78622487e-10]])
'---After Selection population: 2---'
array([[-8.70104385e-16,  1.42412234e-05, -1.00807784e-06,
        -5.39727745e-09,  3.79881261e-10],
       [-8.70478434e-16,  1.42537459e-05, -1.00297948e-06,
        -5.37182206e-09,  3.81367869e-10],
       [-8.67772495e-16,  1.42941830e-05, -1.00969870e-06,
        -5.40138896e-09,  3.80160095e-10],
       [-8.75201487e-16,  1.42313042e-05, -1.00341050e-06,
        -5.39445064e-09,  3.80661478e-10],
       [-8.68317774e-16,  1.42035304e-05, -1.00440637e-06,
        -5.38684751e-09,  3.79894120e-10],
       [-8.71953449e-16,  1.41146480e-05, -1.00690984e-06,
        -5.39161618e-09,  3.79994737e-10],
       [-8.70013716e-16,  1.41999733e-05, -1.00615557e-06,
        -5.37238285e-09,  3.79903764e-10],
       [-8.69830312e-16,  1.42565995e-05, -1.00508040e-06,
        -5.37558579e-09,  3.80677780e-10],
       [-8.71697753e-16,  1.42739574e-05, -1.00413836e-06,
        -5.39597670e-09,  3.80168324e-10]])
'-----------GENERATION: 3--------------'
array([[-8.70104385e-16,  1.42412234e-05, -1.00807784e-06,
        -5.39727745e-09,  3.79881261e-10],
       [-8.67772495e-16,  1.42941830e-05, -1.00969870e-06,
        -5.40138896e-09,  3.80160095e-10],
       [-8.71953449e-16,  1.41146480e-05, -1.00690984e-06,
        -5.39161618e-09,  3.79994737e-10],
       [-8.70013716e-16,  1.41999733e-05, -1.00615557e-06,
        -5.37238285e-09,  3.79903764e-10],
       [-8.68317774e-16,  1.42035304e-05, -1.00440637e-06,
        -5.38684751e-09,  3.79894120e-10],
       [-8.71697753e-16,  1.42739574e-05, -1.00413836e-06,
        -5.39597670e-09,  3.80168324e-10],
       [-8.75201487e-16,  1.42313042e-05, -1.00341050e-06,
        -5.39445064e-09,  3.80661478e-10],
       [-8.69830312e-16,  1.42565995e-05, -1.00508040e-06,
        -5.37558579e-09,  3.80677780e-10],
       [-8.70478434e-16,  1.42537459e-05, -1.00297948e-06,
        -5.37182206e-09,  3.81367869e-10]])
'---Train Fitness: 3---'
array([2.27080752e+11, 2.26151494e+11, 2.31161258e+11, 2.17892486e+11,
       2.13783988e+11, 2.08886615e+11, 2.06387945e+11, 2.04547606e+11,
       1.94065109e+11])
'---Test Fitness: 3---'
array([2.28095621e+11, 2.27663958e+11, 2.24039675e+11, 2.35229206e+11,
       2.39896561e+11, 2.49250342e+11, 2.53320589e+11, 2.51898678e+11,
       2.72404574e+11])
'---After crossover population: 3---'
array([[-8.70104385e-16,  1.42412234e-05, -1.00807784e-06,
        -5.39727745e-09,  3.79881261e-10],
       [-8.71921487e-16,  1.41345616e-05, -1.00656341e-06,
        -5.39216125e-09,  3.80016435e-10],
       [-8.71729715e-16,  1.42540437e-05, -1.00448479e-06,
        -5.39543164e-09,  3.80146626e-10],
       [-8.71722316e-16,  1.41304699e-05, -1.00705584e-06,
        -5.39232384e-09,  3.79980553e-10],
       [-8.70335518e-16,  1.42254014e-05, -1.00793184e-06,
        -5.39656979e-09,  3.79895446e-10],
       [-8.69853237e-16,  1.42495212e-05, -1.00521480e-06,
        -5.37518543e-09,  3.80581028e-10],
       [-8.69990791e-16,  1.42070516e-05, -1.00602118e-06,
        -5.37278321e-09,  3.80000516e-10],
       [-8.70662187e-16,  1.42038897e-05, -1.00581244e-06,
        -5.37514132e-09,  3.79998478e-10],
       [-8.74553016e-16,  1.42273878e-05, -1.00375364e-06,
        -5.39169216e-09,  3.80566764e-10],
       [-8.69178238e-16,  1.42070021e-05, -1.00428189e-06,
        -5.38779790e-09,  3.79990040e-10],
       [-8.74341023e-16,  1.42278324e-05, -1.00353499e-06,
        -5.39350025e-09,  3.80565558e-10],
       [-8.70662187e-16,  1.42038897e-05, -1.00581244e-06,
        -5.37514132e-09,  3.79998478e-10],
       [-8.74553016e-16,  1.42273878e-05, -1.00375364e-06,
        -5.39169216e-09,  3.80566764e-10],
       [-8.70501709e-16,  1.42534376e-05, -1.00487166e-06,
        -5.37794390e-09,  3.80675742e-10],
       [-8.74530090e-16,  1.42344661e-05, -1.00361924e-06,
        -5.39209253e-09,  3.80663516e-10],
       [-8.68541101e-16,  1.42082420e-05, -1.00486531e-06,
        -5.38815125e-09,  3.79892512e-10],
       [-8.69881058e-16,  1.42365117e-05, -1.00761890e-06,
        -5.39597370e-09,  3.79882869e-10],
       [-8.71722316e-16,  1.41304699e-05, -1.00705584e-06,
        -5.39232384e-09,  3.79980553e-10],
       [-8.70335518e-16,  1.42254014e-05, -1.00793184e-06,
        -5.39656979e-09,  3.79895446e-10]])
'---After mutation population: 3---'
array([[-8.70104385e-16,  1.42412234e-05, -1.00807784e-06,
        -5.39727745e-09,  3.79881261e-10],
       [-8.71921487e-16,  1.41308082e-05, -1.00656341e-06,
        -5.39216125e-09,  3.80016435e-10],
       [-8.72337841e-16,  1.42540437e-05, -1.00394779e-06,
        -5.39247204e-09,  3.80146626e-10],
       [-8.71722316e-16,  1.41304699e-05, -1.01189075e-06,
        -5.39232384e-09,  3.79150030e-10],
       [-8.70335518e-16,  1.42254014e-05, -1.00838574e-06,
        -5.40230772e-09,  3.79895446e-10],
       [-8.71749141e-16,  1.42495212e-05, -1.00521480e-06,
        -5.37518543e-09,  3.80699011e-10],
       [-8.68794764e-16,  1.42070516e-05, -1.00602118e-06,
        -5.36891849e-09,  3.80000516e-10],
       [-8.70662187e-16,  1.42277546e-05, -1.00581244e-06,
        -5.37784021e-09,  3.79998478e-10],
       [-8.74553016e-16,  1.42049973e-05, -1.00375364e-06,
        -5.39169216e-09,  3.81104350e-10],
       [-8.68653661e-16,  1.42070021e-05, -1.00495083e-06,
        -5.38779790e-09,  3.80172345e-10],
       [-8.74341023e-16,  1.42278324e-05, -1.00353499e-06,
        -5.39343463e-09,  3.80565558e-10],
       [-8.70662187e-16,  1.42038897e-05, -1.00581244e-06,
        -5.37514132e-09,  3.81049791e-10],
       [-8.68825178e-16,  1.42866475e-05, -1.00045676e-06,
        -5.41445584e-09,  3.80395000e-10],
       [-8.70302716e-16,  1.42163608e-05, -1.00666326e-06,
        -5.38953533e-09,  3.80675742e-10],
       [-8.74530090e-16,  1.42752474e-05, -1.00178354e-06,
        -5.38192687e-09,  3.80663516e-10],
       [-8.68541101e-16,  1.42464858e-05, -1.00481990e-06,
        -5.38815125e-09,  3.79892512e-10],
       [-8.72939732e-16,  1.42365117e-05, -1.00761890e-06,
        -5.39706511e-09,  3.79882869e-10],
       [-8.73343037e-16,  1.41159076e-05, -1.00662909e-06,
        -5.38297110e-09,  3.79980553e-10],
       [-8.64952805e-16,  1.42334760e-05, -1.00843764e-06,
        -5.40896428e-09,  3.82195543e-10]])
'---After Selection population: 3---'
array([[-8.70104385e-16,  1.42412234e-05, -1.00807784e-06,
        -5.39727745e-09,  3.79881261e-10],
       [-8.71921487e-16,  1.41308082e-05, -1.00656341e-06,
        -5.39216125e-09,  3.80016435e-10],
       [-8.72337841e-16,  1.42540437e-05, -1.00394779e-06,
        -5.39247204e-09,  3.80146626e-10],
       [-8.71722316e-16,  1.41304699e-05, -1.01189075e-06,
        -5.39232384e-09,  3.79150030e-10],
       [-8.70335518e-16,  1.42254014e-05, -1.00838574e-06,
        -5.40230772e-09,  3.79895446e-10],
       [-8.71749141e-16,  1.42495212e-05, -1.00521480e-06,
        -5.37518543e-09,  3.80699011e-10],
       [-8.68794764e-16,  1.42070516e-05, -1.00602118e-06,
        -5.36891849e-09,  3.80000516e-10],
       [-8.70662187e-16,  1.42277546e-05, -1.00581244e-06,
        -5.37784021e-09,  3.79998478e-10],
       [-8.74553016e-16,  1.42049973e-05, -1.00375364e-06,
        -5.39169216e-09,  3.81104350e-10]])
'-----------GENERATION: 4--------------'
array([[-8.70104385e-16,  1.42412234e-05, -1.00807784e-06,
        -5.39727745e-09,  3.79881261e-10],
       [-8.71921487e-16,  1.41308082e-05, -1.00656341e-06,
        -5.39216125e-09,  3.80016435e-10],
       [-8.70335518e-16,  1.42254014e-05, -1.00838574e-06,
        -5.40230772e-09,  3.79895446e-10],
       [-8.68794764e-16,  1.42070516e-05, -1.00602118e-06,
        -5.36891849e-09,  3.80000516e-10],
       [-8.70662187e-16,  1.42277546e-05, -1.00581244e-06,
        -5.37784021e-09,  3.79998478e-10],
       [-8.72337841e-16,  1.42540437e-05, -1.00394779e-06,
        -5.39247204e-09,  3.80146626e-10],
       [-8.71749141e-16,  1.42495212e-05, -1.00521480e-06,
        -5.37518543e-09,  3.80699011e-10],
       [-8.71722316e-16,  1.41304699e-05, -1.01189075e-06,
        -5.39232384e-09,  3.79150030e-10],
       [-8.74553016e-16,  1.42049973e-05, -1.00375364e-06,
        -5.39169216e-09,  3.81104350e-10]])
'---Train Fitness: 4---'
array([2.27080752e+11, 2.28330891e+11, 2.30592388e+11, 2.14892806e+11,
       2.15160883e+11, 2.09388301e+11, 2.05834192e+11, 2.62691885e+11,
       2.04736688e+11])
'---Test Fitness: 4---'
array([2.28095621e+11, 2.26222369e+11, 2.25519011e+11, 2.37616133e+11,
       2.39012047e+11, 2.48556030e+11, 2.50793808e+11, 2.14144523e+11,
       2.53548192e+11])
'---After crossover population: 4---'
array([[-8.70104385e-16,  1.42412234e-05, -1.00807784e-06,
        -5.39727745e-09,  3.79881261e-10],
       [-8.74276119e-16,  1.42111281e-05, -1.00377790e-06,
        -5.39178965e-09,  3.80984635e-10],
       [-8.72614738e-16,  1.42479129e-05, -1.00392352e-06,
        -5.39237455e-09,  3.80266341e-10],
       [-8.70621354e-16,  1.42274605e-05, -1.00613410e-06,
        -5.38089865e-09,  3.79985599e-10],
       [-8.70376352e-16,  1.42256956e-05, -1.00806407e-06,
        -5.39924928e-09,  3.79908325e-10],
       [-8.71770684e-16,  1.42346821e-05, -1.00538337e-06,
        -5.37730740e-09,  3.80613689e-10],
       [-8.71899944e-16,  1.41456473e-05, -1.00639483e-06,
        -5.39003927e-09,  3.80101757e-10],
       [-8.71764075e-16,  1.41429265e-05, -1.00646953e-06,
        -5.39037112e-09,  3.80014191e-10],
       [-8.70819600e-16,  1.42156363e-05, -1.00590631e-06,
        -5.37963034e-09,  3.80000723e-10],
       [-8.73833234e-16,  1.42052541e-05, -1.00403708e-06,
        -5.38884545e-09,  3.80966371e-10],
       [-8.69514545e-16,  1.42067948e-05, -1.00573773e-06,
        -5.37176520e-09,  3.80138495e-10],
       [-8.70585808e-16,  1.42289817e-05, -1.00783099e-06,
        -5.40107826e-09,  3.79926843e-10],
       [-8.72087550e-16,  1.42504634e-05, -1.00450253e-06,
        -5.39370150e-09,  3.80115228e-10],
       [-8.72099625e-16,  1.42439557e-05, -1.00503215e-06,
        -5.37724877e-09,  3.80749678e-10],
       [-8.74202531e-16,  1.42105628e-05, -1.00393628e-06,
        -5.38962882e-09,  3.81053683e-10],
       [-8.72285797e-16,  1.42386393e-05, -1.00427474e-06,
        -5.39243319e-09,  3.80130352e-10],
       [-8.71973531e-16,  1.41462126e-05, -1.00623645e-06,
        -5.39220010e-09,  3.80032709e-10],
       [-8.69164061e-16,  1.42123603e-05, -1.00592038e-06,
        -5.36970186e-09,  3.80087828e-10],
       [-8.71379843e-16,  1.42442125e-05, -1.00531559e-06,
        -5.37440206e-09,  3.80611699e-10]])
'---After mutation population: 4---'
array([[-8.70104385e-16,  1.42412234e-05, -1.00807784e-06,
        -5.39727745e-09,  3.79881261e-10],
       [-8.74276119e-16,  1.42028510e-05, -1.00377790e-06,
        -5.41689306e-09,  3.80984635e-10],
       [-8.72614738e-16,  1.42479129e-05, -1.00558459e-06,
        -5.38550402e-09,  3.80266341e-10],
       [-8.70621354e-16,  1.42274605e-05, -1.00613410e-06,
        -5.37828879e-09,  3.79944910e-10],
       [-8.68790304e-16,  1.42284754e-05, -1.00806407e-06,
        -5.40361026e-09,  3.79908325e-10],
       [-8.71770684e-16,  1.42346821e-05, -1.00538337e-06,
        -5.37730740e-09,  3.80524886e-10],
       [-8.71899944e-16,  1.41299755e-05, -1.00639483e-06,
        -5.39115885e-09,  3.80101757e-10],
       [-8.71764075e-16,  1.42067015e-05, -1.00646953e-06,
        -5.39037112e-09,  3.80014191e-10],
       [-8.70819600e-16,  1.42559613e-05, -1.00818827e-06,
        -5.37963034e-09,  3.80000723e-10],
       [-8.73833234e-16,  1.41938899e-05, -1.00403708e-06,
        -5.38884545e-09,  3.82547931e-10],
       [-8.68950535e-16,  1.42067948e-05, -1.00919319e-06,
        -5.36755105e-09,  3.79991927e-10],
       [-8.68330389e-16,  1.42289817e-05, -1.00729390e-06,
        -5.40091765e-09,  3.79926843e-10],
       [-8.72087550e-16,  1.42504634e-05, -1.00466477e-06,
        -5.38392712e-09,  3.81381076e-10],
       [-8.73565451e-16,  1.42439557e-05, -1.00299479e-06,
        -5.37724877e-09,  3.80749678e-10],
       [-8.74202531e-16,  1.42271131e-05, -1.00042635e-06,
        -5.39262795e-09,  3.81053683e-10],
       [-8.72285797e-16,  1.42386393e-05, -1.00390679e-06,
        -5.39243319e-09,  3.79946896e-10],
       [-8.71973531e-16,  1.41711427e-05, -1.00380754e-06,
        -5.39220010e-09,  3.79440245e-10],
       [-8.69164061e-16,  1.42123603e-05, -1.00592038e-06,
        -5.36970186e-09,  3.79358496e-10],
       [-8.71379843e-16,  1.42692531e-05, -1.00476487e-06,
        -5.37440206e-09,  3.80414622e-10]])
'---After Selection population: 4---'
array([[-8.70104385e-16,  1.42412234e-05, -1.00807784e-06,
        -5.39727745e-09,  3.79881261e-10],
       [-8.74276119e-16,  1.42028510e-05, -1.00377790e-06,
        -5.41689306e-09,  3.80984635e-10],
       [-8.72614738e-16,  1.42479129e-05, -1.00558459e-06,
        -5.38550402e-09,  3.80266341e-10],
       [-8.70621354e-16,  1.42274605e-05, -1.00613410e-06,
        -5.37828879e-09,  3.79944910e-10],
       [-8.68790304e-16,  1.42284754e-05, -1.00806407e-06,
        -5.40361026e-09,  3.79908325e-10],
       [-8.71770684e-16,  1.42346821e-05, -1.00538337e-06,
        -5.37730740e-09,  3.80524886e-10],
       [-8.71899944e-16,  1.41299755e-05, -1.00639483e-06,
        -5.39115885e-09,  3.80101757e-10],
       [-8.71764075e-16,  1.42067015e-05, -1.00646953e-06,
        -5.39037112e-09,  3.80014191e-10],
       [-8.70819600e-16,  1.42559613e-05, -1.00818827e-06,
        -5.37963034e-09,  3.80000723e-10]])
'-----------GENERATION: 5--------------'
array([[-8.71899944e-16,  1.41299755e-05, -1.00639483e-06,
        -5.39115885e-09,  3.80101757e-10],
       [-8.70104385e-16,  1.42412234e-05, -1.00807784e-06,
        -5.39727745e-09,  3.79881261e-10],
       [-8.68790304e-16,  1.42284754e-05, -1.00806407e-06,
        -5.40361026e-09,  3.79908325e-10],
       [-8.70819600e-16,  1.42559613e-05, -1.00818827e-06,
        -5.37963034e-09,  3.80000723e-10],
       [-8.71764075e-16,  1.42067015e-05, -1.00646953e-06,
        -5.39037112e-09,  3.80014191e-10],
       [-8.70621354e-16,  1.42274605e-05, -1.00613410e-06,
        -5.37828879e-09,  3.79944910e-10],
       [-8.72614738e-16,  1.42479129e-05, -1.00558459e-06,
        -5.38550402e-09,  3.80266341e-10],
       [-8.74276119e-16,  1.42028510e-05, -1.00377790e-06,
        -5.41689306e-09,  3.80984635e-10],
       [-8.71770684e-16,  1.42346821e-05, -1.00538337e-06,
        -5.37730740e-09,  3.80524886e-10]])
'---Train Fitness: 5---'
array([2.26640390e+11, 2.27080752e+11, 2.28525343e+11, 2.21880634e+11,
       2.21659884e+11, 2.16835502e+11, 2.12798994e+11, 2.09943307e+11,
       2.09045743e+11])
'---Test Fitness: 5---'
array([2.27263715e+11, 2.28095621e+11, 2.26366366e+11, 2.32159924e+11,
       2.32715557e+11, 2.37188714e+11, 2.42873145e+11, 2.46520342e+11,
       2.46231475e+11])
'---After crossover population: 5---'
array([[-8.71899944e-16,  1.41299755e-05, -1.00639483e-06,
        -5.39115885e-09,  3.80101757e-10],
       [-8.71392353e-16,  1.42094233e-05, -1.00666885e-06,
        -5.39202601e-09,  3.80000958e-10],
       [-8.69162025e-16,  1.42257537e-05, -1.00786476e-06,
        -5.40195537e-09,  3.79921558e-10],
       [-8.73819273e-16,  1.42059272e-05, -1.00407243e-06,
        -5.41206753e-09,  3.80854669e-10],
       [-8.71078199e-16,  1.42243843e-05, -1.00583958e-06,
        -5.38311433e-09,  3.80074875e-10],
       [-8.69162025e-16,  1.42257537e-05, -1.00786476e-06,
        -5.40195537e-09,  3.79921558e-10],
       [-8.71392353e-16,  1.42094233e-05, -1.00666885e-06,
        -5.39202601e-09,  3.80000958e-10],
       [-8.69179009e-16,  1.42161629e-05, -1.00785542e-06,
        -5.40205383e-09,  3.79932504e-10],
       [-8.71511239e-16,  1.41422880e-05, -1.00660349e-06,
        -5.39271528e-09,  3.80077578e-10],
       [-8.74068446e-16,  1.42084838e-05, -1.00400374e-06,
        -5.41296943e-09,  3.80894848e-10],
       [-8.72822410e-16,  1.42422802e-05, -1.00535875e-06,
        -5.38942765e-09,  3.80356128e-10],
       [-8.70311846e-16,  1.42369081e-05, -1.00787680e-06,
        -5.39641416e-09,  3.79897877e-10],
       [-8.71556614e-16,  1.42110168e-05, -1.00667057e-06,
        -5.39123441e-09,  3.79997575e-10],
       [-8.70937659e-16,  1.42498038e-05, -1.00797343e-06,
        -5.38097294e-09,  3.80002406e-10],
       [-8.71646015e-16,  1.42128590e-05, -1.00668438e-06,
        -5.38902852e-09,  3.80012507e-10],
       [-8.74068446e-16,  1.42084838e-05, -1.00400374e-06,
        -5.41296943e-09,  3.80894848e-10],
       [-8.72822410e-16,  1.42422802e-05, -1.00535875e-06,
        -5.38942765e-09,  3.80356128e-10],
       [-8.72136683e-16,  1.42454832e-05, -1.00589452e-06,
        -5.38776730e-09,  3.80221589e-10],
       [-8.69268358e-16,  1.42309051e-05, -1.00775414e-06,
        -5.40134698e-09,  3.79953077e-10]])
'---After mutation population: 5---'
array([[-8.71899944e-16,  1.41299755e-05, -1.00639483e-06,
        -5.39115885e-09,  3.80101757e-10],
       [-8.71392353e-16,  1.42364192e-05, -1.00842005e-06,
        -5.39202601e-09,  3.80063126e-10],
       [-8.69162025e-16,  1.42257537e-05, -1.00786476e-06,
        -5.40908566e-09,  3.80997775e-10],
       [-8.74906896e-16,  1.42423068e-05, -1.00407243e-06,
        -5.41206753e-09,  3.80854669e-10],
       [-8.70371294e-16,  1.42243843e-05, -1.00583958e-06,
        -5.38311433e-09,  3.80847639e-10],
       [-8.68660180e-16,  1.42269172e-05, -1.00786476e-06,
        -5.40195537e-09,  3.79610188e-10],
       [-8.71392353e-16,  1.41688905e-05, -1.00666885e-06,
        -5.39320560e-09,  3.81241689e-10],
       [-8.69179009e-16,  1.42161629e-05, -1.00785542e-06,
        -5.40205383e-09,  3.79932504e-10],
       [-8.71511239e-16,  1.40957671e-05, -1.00447200e-06,
        -5.40615462e-09,  3.80077578e-10],
       [-8.74259243e-16,  1.42084838e-05, -1.00376098e-06,
        -5.41296943e-09,  3.80894848e-10],
       [-8.72822410e-16,  1.42486296e-05, -1.00714890e-06,
        -5.37578423e-09,  3.81365927e-10],
       [-8.70531070e-16,  1.42369081e-05, -1.00787680e-06,
        -5.38508818e-09,  3.81444132e-10],
       [-8.71556614e-16,  1.42110168e-05, -1.00570051e-06,
        -5.39311267e-09,  3.79997575e-10],
       [-8.71538961e-16,  1.42498038e-05, -1.01005880e-06,
        -5.38286982e-09,  3.79736290e-10],
       [-8.71646015e-16,  1.42374010e-05, -1.00668438e-06,
        -5.38902852e-09,  3.79650186e-10],
       [-8.72164546e-16,  1.42084838e-05, -1.00400374e-06,
        -5.39665079e-09,  3.80865258e-10],
       [-8.72833991e-16,  1.42422802e-05, -1.00747636e-06,
        -5.39060567e-09,  3.80356128e-10],
       [-8.72744201e-16,  1.42290689e-05, -1.00589452e-06,
        -5.38776730e-09,  3.80457099e-10],
       [-8.69268358e-16,  1.41637445e-05, -1.00697859e-06,
        -5.40531482e-09,  3.81357083e-10]])
'---After Selection population: 5---'
array([[-8.71899944e-16,  1.41299755e-05, -1.00639483e-06,
        -5.39115885e-09,  3.80101757e-10],
       [-8.71392353e-16,  1.42364192e-05, -1.00842005e-06,
        -5.39202601e-09,  3.80063126e-10],
       [-8.69162025e-16,  1.42257537e-05, -1.00786476e-06,
        -5.40908566e-09,  3.80997775e-10],
       [-8.74906896e-16,  1.42423068e-05, -1.00407243e-06,
        -5.41206753e-09,  3.80854669e-10],
       [-8.70371294e-16,  1.42243843e-05, -1.00583958e-06,
        -5.38311433e-09,  3.80847639e-10],
       [-8.68660180e-16,  1.42269172e-05, -1.00786476e-06,
        -5.40195537e-09,  3.79610188e-10],
       [-8.71392353e-16,  1.41688905e-05, -1.00666885e-06,
        -5.39320560e-09,  3.81241689e-10],
       [-8.69179009e-16,  1.42161629e-05, -1.00785542e-06,
        -5.40205383e-09,  3.79932504e-10],
       [-8.71511239e-16,  1.40957671e-05, -1.00447200e-06,
        -5.40615462e-09,  3.80077578e-10]])
'-----------GENERATION: 6--------------'
array([[-8.71899944e-16,  1.41299755e-05, -1.00639483e-06,
        -5.39115885e-09,  3.80101757e-10],
       [-8.69179009e-16,  1.42161629e-05, -1.00785542e-06,
        -5.40205383e-09,  3.79932504e-10],
       [-8.71392353e-16,  1.42364192e-05, -1.00842005e-06,
        -5.39202601e-09,  3.80063126e-10],
       [-8.71511239e-16,  1.40957671e-05, -1.00447200e-06,
        -5.40615462e-09,  3.80077578e-10],
       [-8.68660180e-16,  1.42269172e-05, -1.00786476e-06,
        -5.40195537e-09,  3.79610188e-10],
       [-8.69162025e-16,  1.42257537e-05, -1.00786476e-06,
        -5.40908566e-09,  3.80997775e-10],
       [-8.71392353e-16,  1.41688905e-05, -1.00666885e-06,
        -5.39320560e-09,  3.81241689e-10],
       [-8.70371294e-16,  1.42243843e-05, -1.00583958e-06,
        -5.38311433e-09,  3.80847639e-10],
       [-8.74906896e-16,  1.42423068e-05, -1.00407243e-06,
        -5.41206753e-09,  3.80854669e-10]])
'---Train Fitness: 6---'
array([2.26640390e+11, 2.28284451e+11, 2.26378744e+11, 2.25180250e+11,
       2.30599782e+11, 2.18337786e+11, 2.13904140e+11, 2.08828563e+11,
       2.08867690e+11])
'---Test Fitness: 6---'
array([2.27263715e+11, 2.26473443e+11, 2.28509614e+11, 2.28622607e+11,
       2.25547797e+11, 2.32602040e+11, 2.36792928e+11, 2.44622715e+11,
       2.49271510e+11])
'---After crossover population: 6---'
array([[-8.71899944e-16,  1.41299755e-05, -1.00639483e-06,
        -5.39115885e-09,  3.80101757e-10],
       [-8.71708863e-16,  1.41417766e-05, -1.00632542e-06,
        -5.39015329e-09,  3.80194993e-10],
       [-8.70562375e-16,  1.42125832e-05, -1.00590898e-06,
        -5.38411989e-09,  3.80754404e-10],
       [-8.71559827e-16,  1.41000432e-05, -1.00471235e-06,
        -5.40428015e-09,  3.80080601e-10],
       [-8.71851356e-16,  1.41256995e-05, -1.00615448e-06,
        -5.39303333e-09,  3.80098735e-10],
       [-8.71831671e-16,  1.42371552e-05, -1.00787660e-06,
        -5.39453120e-09,  3.80162069e-10],
       [-8.74467578e-16,  1.42415708e-05, -1.00461588e-06,
        -5.40956234e-09,  3.80755726e-10],
       [-8.71115685e-16,  1.41747995e-05, -1.00681717e-06,
        -5.39431163e-09,  3.81078041e-10],
       [-8.69455677e-16,  1.42102539e-05, -1.00770710e-06,
        -5.40094780e-09,  3.80096152e-10],
       [-8.69065150e-16,  1.42147995e-05, -1.00768102e-06,
        -5.40060580e-09,  3.79671634e-10],
       [-8.71494973e-16,  1.41420932e-05, -1.00657857e-06,
